> test_sequence
#rid	resname	Helix	Beta	Coil	Polyproline-II	ss_kind
1	P	0.009596	0.009596	0.869070	0.111738	C
2	T	0.009584	0.009584	0.788670	0.192162	C
3	K	0.037836	0.008858	0.775465	0.177840	C
4	L	0.032155	0.042493	0.752960	0.172392	C
5	E	0.100332	0.141529	0.596815	0.161324	C
6	T	0.009084	0.326714	0.522467	0.141735	C
7	F	0.087534	0.291237	0.522805	0.098425	C
8	P	0.194296	0.053615	0.655544	0.096544	C
9	L	0.438712	0.228337	0.283378	0.049573	H
10	D	0.775439	0.009731	0.207053	0.007776	H
11	V	0.601143	0.009833	0.367234	0.021790	H
12	L	0.534215	0.009047	0.399317	0.057421	H
13	V	0.511048	0.036584	0.422377	0.029991	H
14	N	0.288463	0.066057	0.565217	0.080263	C
15	T	0.156830	0.059412	0.668478	0.115280	C
16	A	0.151222	0.009850	0.722045	0.116883	C
17	A	0.183799	0.052097	0.651924	0.112179	C
18	E	0.200631	0.061915	0.604008	0.133447	C
19	D	0.096484	0.064401	0.674540	0.164575	C
20	L	0.098845	0.046323	0.697712	0.157120	C
21	P	0.179246	0.005292	0.630221	0.185241	C
22	R	0.293839	0.009616	0.552226	0.144319	C
23	G	0.235996	0.009424	0.593678	0.160902	C
24	V	0.212882	0.024250	0.637385	0.125484	C
25	D	0.263357	0.093631	0.573918	0.069094	C
26	P	0.477479	0.009734	0.472445	0.040342	H
27	S	0.489299	0.051828	0.389655	0.069218	H
28	A	0.505051	0.030136	0.429602	0.035211	H
29	K	0.401129	0.010257	0.529800	0.058815	C
30	E	0.439560	0.028304	0.465943	0.066193	C
31	N	0.327314	0.055839	0.552261	0.064586	C
32	H	0.171268	0.099843	0.631550	0.097339	C
33	L	0.203035	0.067256	0.620800	0.108909	C
34	S	0.302305	0.072006	0.545634	0.080055	C
35	D	0.556628	0.031476	0.376779	0.035117	H
36	E	0.695648	0.009646	0.280022	0.014684	H
37	D	0.733717	0.049702	0.206795	0.009786	H
38	F	0.764229	0.009397	0.216977	0.009397	H
39	K	0.694393	0.079116	0.216631	0.009860	H
40	A	0.727388	0.009363	0.246796	0.016453	H
41	V	0.629705	0.009190	0.324705	0.036400	H
42	F	0.503217	0.009454	0.436939	0.050390	H
43	G	0.343759	0.002594	0.599701	0.053946	C
44	M	0.169813	0.133036	0.617521	0.079630	C
45	T	0.291515	0.103882	0.537267	0.067337	C
46	R	0.542885	0.016718	0.389716	0.050682	H
47	S	0.832256	0.004846	0.140226	0.022671	H
48	A	0.785982	0.009280	0.195240	0.009497	H
49	F	0.691133	0.009698	0.275589	0.023581	H
50	A	0.545639	0.009686	0.429935	0.014740	H
51	N	0.298403	0.009663	0.628126	0.063808	C
52	L	0.257701	0.009756	0.642387	0.090156	C
53	P	0.438319	0.009323	0.466160	0.086198	C
54	L	0.408141	0.031099	0.474121	0.086639	C
55	W	0.547835	0.009537	0.407824	0.034805	H
56	K	0.549459	0.008923	0.393790	0.047829	H
57	Q	0.486615	0.134849	0.353984	0.024552	H
58	Q	0.528013	0.093420	0.347039	0.031528	H
59	N	0.515181	0.022602	0.412757	0.049460	H
60	L	0.542791	0.009736	0.385848	0.061626	H
61	K	0.555530	0.063618	0.353008	0.027844	H
62	K	0.528017	0.015111	0.396991	0.059881	H
63	E	0.498992	0.039108	0.411122	0.050778	H
64	K	0.225840	0.121245	0.566731	0.086184	C
65	G	0.242994	0.000271	0.666873	0.089862	C
66	L	0.127541	0.018588	0.739183	0.114688	C
67	F	0.071149	0.019692	0.834306	0.074853	C
