> rkretsch_244789864
#rid	resname	Helix	Beta	Coil	PPII	ss_kind
1	M	0.018778	0.112665	0.821172	0.047385	C
2	S	0.031311	0.067229	0.801586	0.099874	C
3	K	0.237656	0.078458	0.583635	0.100252	C
4	G	0.140900	0.141190	0.604814	0.113096	C
5	E	0.258702	0.142008	0.507342	0.091948	C
6	E	0.318245	0.068481	0.530527	0.082747	C
7	L	0.306781	0.070140	0.559286	0.063793	C
8	F	0.181338	0.183966	0.550211	0.084485	C
9	T	0.212258	0.188025	0.510360	0.089357	C
10	G	0.207340	0.202809	0.499980	0.089870	C
11	V	0.132682	0.218484	0.555765	0.093069	C
12	V	0.052645	0.407472	0.453360	0.086524	C
13	P	0.010620	0.563738	0.346801	0.078840	E
14	I	0.009188	0.697785	0.242791	0.050236	E
15	L	0.008943	0.841734	0.105927	0.043396	E
16	V	0.008910	0.792731	0.154267	0.044092	E
17	E	0.009448	0.869450	0.091148	0.029954	E
18	L	0.009152	0.850627	0.109065	0.031156	E
19	D	0.074166	0.755829	0.129092	0.040914	E
20	G	0.009633	0.630175	0.277561	0.082631	E
21	D	0.029043	0.471433	0.415235	0.084289	E
22	V	0.009656	0.470189	0.451335	0.068819	E
23	N	0.107241	0.297726	0.527434	0.067600	C
24	G	0.062041	0.247046	0.596987	0.093926	C
25	H	0.050233	0.454394	0.431126	0.064247	E
26	K	0.025987	0.479723	0.403763	0.090526	E
27	F	0.009102	0.711159	0.243502	0.036237	E
28	S	0.009308	0.839002	0.115731	0.035960	E
29	V	0.009665	0.859997	0.095048	0.035290	E
30	S	0.006713	0.799059	0.151750	0.042478	E
31	G	0.008940	0.588432	0.316046	0.086582	E
32	E	0.009849	0.519548	0.356849	0.113754	E
33	G	0.009779	0.441955	0.448136	0.100129	C
34	E	0.007219	0.429861	0.425422	0.137498	E
35	G	0.176023	0.298755	0.417938	0.107284	C
36	D	0.009781	0.402594	0.467862	0.119763	C
37	A	0.126533	0.255629	0.493346	0.124491	C
38	T	0.029844	0.272581	0.570707	0.126868	C
39	Y	0.057642	0.214811	0.595656	0.131891	C
40	G	0.044968	0.414338	0.447028	0.093666	C
41	K	0.009731	0.534360	0.388205	0.067704	E
42	L	0.030331	0.615483	0.314495	0.039691	E
43	T	0.009740	0.611824	0.328586	0.049850	E
44	L	0.009575	0.686960	0.245980	0.057485	E
45	K	0.009243	0.652028	0.292517	0.046212	E
46	F	0.009595	0.740125	0.215194	0.035086	E
47	I	0.042088	0.726957	0.204651	0.026304	E
48	C	0.009492	0.689699	0.259908	0.040901	E
49	T	0.086718	0.521791	0.346346	0.045145	E
50	T	0.092116	0.324806	0.501718	0.081360	C
51	G	0.066745	0.306447	0.541684	0.085124	C
52	K	0.068074	0.362528	0.473351	0.096047	C
53	L	0.034178	0.223754	0.620386	0.121681	C
54	P	0.009056	0.344056	0.547199	0.099689	C
55	V	0.009874	0.396963	0.501330	0.091833	C
56	P	0.062482	0.342841	0.510993	0.083684	C
57	W	0.248137	0.340844	0.348983	0.062036	C
58	P	0.425532	0.116363	0.394575	0.063529	H
59	T	0.321220	0.254063	0.357604	0.067113	C
60	L	0.353714	0.278634	0.331219	0.036433	H
61	V	0.375845	0.238347	0.352948	0.032861	H
62	T	0.494354	0.093280	0.364774	0.047592	H
63	T	0.350743	0.242077	0.383608	0.023571	C
64	F	0.361365	0.271533	0.331919	0.035182	H
65	V	0.227309	0.271259	0.462397	0.039035	C
66	Q	0.360707	0.232878	0.323198	0.083217	H
67	C	0.285373	0.460889	0.220041	0.033698	E
68	F	0.202035	0.458888	0.279660	0.059416	E
69	S	0.175812	0.379336	0.383333	0.061520	C
70	R	0.120254	0.382587	0.403150	0.094009	C
71	Y	0.030518	0.312911	0.555088	0.101483	C
72	P	0.092943	0.259718	0.538657	0.108683	C
73	D	0.174779	0.065805	0.642633	0.116783	C
74	H	0.171637	0.009757	0.708402	0.110204	C
75	M	0.156982	0.146376	0.590800	0.105843	C
76	K	0.173703	0.066094	0.655181	0.105022	C
77	R	0.119196	0.114657	0.655603	0.110544	C
78	H	0.129551	0.191273	0.594609	0.084568	C
79	D	0.195792	0.135904	0.579862	0.088443	C
80	F	0.410000	0.134573	0.413435	0.041992	C
81	F	0.417062	0.179920	0.352385	0.050634	H
82	K	0.408250	0.216495	0.325269	0.049987	H
83	S	0.345716	0.169714	0.419258	0.065312	C
84	A	0.351013	0.219893	0.388272	0.040822	C
85	M	0.141358	0.169670	0.613354	0.075618	C
86	P	0.097180	0.192624	0.593884	0.116312	C
87	E	0.149411	0.109508	0.598830	0.142251	C
88	G	0.194035	0.158867	0.540991	0.106107	C
89	Y	0.039509	0.267998	0.605698	0.086795	C
90	V	0.117352	0.447679	0.360100	0.074869	E
91	Q	0.044096	0.631533	0.235447	0.088924	E
92	E	0.009412	0.732110	0.237057	0.021421	E
93	R	0.009130	0.633576	0.316145	0.041149	E
94	T	0.009641	0.720207	0.232120	0.038032	E
95	I	0.009872	0.645646	0.291568	0.052914	E
96	F	0.042981	0.641412	0.260821	0.054787	E
97	F	0.026674	0.518647	0.359583	0.095095	E
98	K	0.130126	0.373931	0.412918	0.083025	C
99	D	0.132026	0.360255	0.432275	0.075444	C
100	D	0.065610	0.317982	0.539349	0.077060	C
101	G	0.009854	0.482712	0.441979	0.065455	E
102	N	0.009492	0.714556	0.224329	0.051623	E
103	Y	0.009788	0.792845	0.172981	0.024386	E
104	K	0.009527	0.737289	0.214055	0.039128	E
105	T	0.014989	0.721625	0.243882	0.019503	E
106	R	0.111315	0.681832	0.180083	0.026770	E
107	A	0.045008	0.634886	0.291542	0.028564	E
108	E	0.009721	0.680762	0.265962	0.043555	E
109	V	0.009532	0.737650	0.218184	0.034634	E
110	K	0.009582	0.761690	0.188632	0.040097	E
111	F	0.009080	0.648022	0.265196	0.077702	E
112	E	0.041472	0.571140	0.303992	0.083396	E
113	G	0.060157	0.412774	0.440886	0.086184	C
114	D	0.022454	0.319915	0.565991	0.091641	C
115	T	0.050263	0.608591	0.272430	0.068716	E
116	L	0.009399	0.628907	0.305303	0.056392	E
117	V	0.009065	0.624882	0.309069	0.056984	E
118	N	0.009723	0.702237	0.261099	0.026941	E
119	R	0.009843	0.771572	0.206755	0.011830	E
120	I	0.009208	0.795861	0.177810	0.017121	E
121	E	0.009378	0.836047	0.123805	0.030771	E
122	L	0.008912	0.714302	0.233496	0.043290	E
123	K	0.009291	0.708149	0.230755	0.051805	E
124	G	0.066480	0.631032	0.224142	0.078346	E
125	I	0.098839	0.422469	0.388625	0.090068	E
126	D	0.091286	0.359382	0.456112	0.093220	C
127	F	0.143403	0.191619	0.532461	0.132518	C
128	K	0.211120	0.073584	0.581931	0.133364	C
129	E	0.095986	0.131607	0.656040	0.116368	C
130	D	0.112826	0.115462	0.645030	0.126681	C
131	G	0.143101	0.093643	0.647326	0.115929	C
132	N	0.198159	0.059403	0.621688	0.120749	C
133	I	0.076350	0.247520	0.578983	0.097147	C
134	L	0.009758	0.243230	0.653992	0.093020	C
135	G	0.140949	0.152945	0.586756	0.119351	C
136	H	0.110217	0.171589	0.610451	0.107742	C
137	K	0.050561	0.251282	0.590391	0.107766	C
138	L	0.062772	0.196979	0.628585	0.111663	C
139	E	0.150708	0.273498	0.454132	0.121662	C
140	Y	0.028879	0.363422	0.458100	0.149600	C
141	N	0.031348	0.331302	0.522073	0.115277	C
142	F	0.112772	0.310550	0.471287	0.105392	C
143	N	0.013790	0.290310	0.568537	0.127363	C
144	S	0.125229	0.234390	0.544109	0.096272	C
145	H	0.040117	0.394498	0.478247	0.087139	C
146	N	0.026394	0.437239	0.425516	0.110851	E
147	V	0.019185	0.495064	0.368979	0.116773	E
148	Y	0.009896	0.583976	0.305370	0.100758	E
149	I	0.009705	0.565109	0.331494	0.093692	E
150	M	0.081430	0.423635	0.392430	0.102505	E
151	A	0.166220	0.243446	0.496164	0.094171	C
152	D	0.043233	0.198138	0.639978	0.118651	C
153	K	0.084426	0.240377	0.579424	0.095772	C
154	Q	0.003341	0.303689	0.595858	0.097112	C
155	K	0.071092	0.256609	0.591177	0.081123	C
156	N	0.082298	0.340134	0.496176	0.081392	C
157	G	0.018774	0.444506	0.454647	0.082073	C
158	I	0.019906	0.485700	0.413686	0.080708	E
159	K	0.116674	0.533855	0.298434	0.051037	E
160	V	0.214798	0.496863	0.257991	0.030348	E
161	N	0.147151	0.567123	0.259067	0.026660	E
162	F	0.146843	0.530287	0.281705	0.041164	E
163	K	0.288342	0.495054	0.209926	0.006678	E
164	I	0.261105	0.521155	0.187167	0.030573	E
165	R	0.242689	0.509745	0.208775	0.038791	E
166	H	0.211366	0.378954	0.364734	0.044946	E
167	N	0.107163	0.328123	0.480490	0.084224	C
168	I	0.066099	0.281683	0.565515	0.086703	C
169	E	0.174309	0.155838	0.587901	0.081951	C
170	D	0.101155	0.255730	0.556293	0.086821	C
171	G	0.125533	0.253676	0.544827	0.075964	C
172	S	0.009599	0.353653	0.532947	0.103800	C
173	V	0.009472	0.495202	0.415065	0.080261	E
174	Q	0.009148	0.612802	0.298982	0.079069	E
175	L	0.009749	0.788701	0.170450	0.031100	E
176	A	0.009380	0.690366	0.271779	0.028475	E
177	D	0.009367	0.707492	0.264738	0.018402	E
178	H	0.212182	0.419414	0.331734	0.036670	E
179	Y	0.254249	0.403639	0.311573	0.030538	E
180	Q	0.136913	0.384640	0.415678	0.062770	C
181	Q	0.138589	0.422931	0.381871	0.056609	E
182	N	0.090318	0.393151	0.436331	0.080201	C
183	T	0.009812	0.363798	0.517142	0.109249	C
184	P	0.077637	0.261235	0.524662	0.136466	C
185	I	0.115814	0.188591	0.570069	0.125526	C
186	G	0.142922	0.125654	0.579550	0.151874	C
187	D	0.107795	0.105968	0.639674	0.146563	C
188	G	0.154590	0.100068	0.592527	0.152815	C
189	P	0.020642	0.278225	0.538711	0.162423	C
190	V	0.025690	0.310506	0.513896	0.149908	C
191	L	0.009300	0.317941	0.519092	0.153667	C
192	L	0.000670	0.266561	0.559104	0.173665	C
193	P	0.009692	0.317359	0.502002	0.170947	C
194	D	0.082249	0.289754	0.476068	0.151928	C
195	N	0.152793	0.281362	0.459914	0.105930	C
196	H	0.075452	0.305987	0.532341	0.086220	C
197	Y	0.078240	0.457534	0.403387	0.060839	E
198	L	0.100379	0.424725	0.400606	0.074290	E
199	S	0.009473	0.583201	0.366902	0.040424	E
200	T	0.002499	0.750509	0.239552	0.007439	E
201	Q	0.076530	0.656857	0.261224	0.005388	E
202	S	0.009497	0.671291	0.279514	0.039698	E
203	A	0.038580	0.745871	0.161378	0.054171	E
204	L	0.009672	0.670054	0.246998	0.073276	E
205	S	0.020808	0.513657	0.385963	0.079572	E
206	K	0.083060	0.312125	0.514943	0.089872	C
207	D	0.072391	0.218261	0.598013	0.111334	C
208	P	0.074350	0.243849	0.571637	0.110163	C
209	N	0.213376	0.118545	0.572523	0.095555	C
210	E	0.209130	0.160568	0.547828	0.082474	C
211	K	0.224038	0.163595	0.553682	0.058685	C
212	R	0.078705	0.203784	0.619586	0.097925	C
213	D	0.039530	0.369002	0.513251	0.078218	C
214	H	0.073534	0.501500	0.354459	0.070506	E
215	M	0.074371	0.698961	0.205479	0.021189	E
216	V	0.109548	0.714840	0.127641	0.047971	E
217	L	0.182584	0.561487	0.222650	0.033279	E
218	L	0.223688	0.565835	0.196409	0.014068	E
219	E	0.264808	0.620027	0.092720	0.022446	E
220	F	0.299546	0.476990	0.181738	0.041726	E
221	V	0.401779	0.353756	0.200428	0.044037	H
222	T	0.251349	0.392908	0.313975	0.041768	E
223	A	0.262558	0.357728	0.341250	0.038464	E
224	A	0.168412	0.343683	0.421302	0.066603	C
225	G	0.015845	0.179805	0.692615	0.111735	C
226	I	0.106125	0.063901	0.734886	0.095089	C
