> rkretsch_65931384
#rid	resname	Helix	Beta	Coil	PPII	ss_kind
1	A	0.009436	0.102474	0.796380	0.091711	C
2	E	0.013380	0.085627	0.725775	0.175219	C
3	P	0.009768	0.167866	0.653274	0.169092	C
4	P	0.204156	0.149012	0.481781	0.165051	C
5	V	0.359308	0.082309	0.421035	0.137348	C
6	A	0.268344	0.145536	0.457196	0.128924	C
7	P	0.366422	0.050141	0.498322	0.085114	C
8	G	0.289401	0.125585	0.503756	0.081258	C
9	L	0.221592	0.248189	0.442991	0.087228	C
10	S	0.215455	0.288187	0.432426	0.063932	C
11	F	0.196217	0.239439	0.482580	0.081764	C
12	D	0.264920	0.242142	0.430566	0.062372	C
13	F	0.399079	0.143573	0.423299	0.034049	C
14	Y	0.224335	0.129845	0.582374	0.063446	C
15	W	0.435870	0.066771	0.468186	0.029173	C
16	Q	0.414272	0.061611	0.491448	0.032668	C
17	T	0.170599	0.169643	0.567499	0.092258	C
18	A	0.250089	0.094109	0.590411	0.065391	C
19	P	0.307997	0.009841	0.591827	0.090335	C
20	R	0.276374	0.151973	0.484217	0.087436	C
21	A	0.444797	0.099096	0.426345	0.029762	H
22	E	0.526188	0.106250	0.332782	0.034780	H
23	S	0.836425	0.009983	0.136885	0.016707	H
24	I	0.730509	0.153453	0.090478	0.025559	H
25	V	0.725234	0.027093	0.235713	0.011959	H
26	R	0.788875	0.009804	0.175164	0.026157	H
27	E	0.909103	0.034122	0.047136	0.009639	H
28	F	0.921682	0.009310	0.059698	0.009310	H
29	V	0.886972	0.009531	0.093967	0.009531	H
30	Q	0.887706	0.036633	0.065867	0.009794	H
31	E	0.811607	0.046821	0.136485	0.005087	H
32	A	0.862806	0.088970	0.038353	0.009871	H
33	V	0.725005	0.080799	0.184988	0.009209	H
34	R	0.605338	0.060049	0.294352	0.040260	H
35	K	0.383216	0.162377	0.418907	0.035500	C
36	D	0.196363	0.119652	0.606998	0.076986	C
37	I	0.302888	0.116658	0.521284	0.059170	C
38	G	0.300359	0.058889	0.567226	0.073526	C
39	L	0.465039	0.212399	0.247505	0.075057	H
40	A	0.409988	0.130368	0.396018	0.063627	H
41	A	0.475207	0.120004	0.361539	0.043250	H
42	G	0.468359	0.199095	0.267937	0.064610	H
43	L	0.586626	0.212890	0.165531	0.034953	H
44	L	0.376360	0.383974	0.229811	0.009855	E
45	R	0.428601	0.338664	0.216638	0.016097	H
46	L	0.293242	0.381355	0.295026	0.030376	E
47	H	0.282379	0.272406	0.420383	0.024831	C
48	F	0.165396	0.218297	0.579122	0.037186	C
49	H	0.232418	0.335916	0.395712	0.035954	C
50	D	0.044854	0.272796	0.644395	0.037956	C
51	F	0.138524	0.427585	0.416202	0.017689	E
52	V	0.007827	0.368655	0.579195	0.044323	C
53	Q	0.108981	0.218611	0.654711	0.017697	C
54	G	0.081523	0.207787	0.679104	0.031586	C
55	D	0.139469	0.307480	0.531000	0.022052	C
56	A	0.196962	0.385801	0.384000	0.033238	E
57	S	0.236950	0.527069	0.176663	0.059318	E
58	V	0.138882	0.743988	0.087430	0.029700	E
59	L	0.109772	0.815645	0.051998	0.022585	E
60	L	0.006221	0.634437	0.297958	0.061383	E
61	D	0.009702	0.415349	0.503622	0.071327	C
62	G	0.009614	0.223588	0.670272	0.096526	C
63	S	0.168316	0.100687	0.664140	0.066857	C
64	A	0.082983	0.121432	0.702717	0.092867	C
65	T	0.073649	0.107848	0.718237	0.100266	C
66	G	0.039932	0.182766	0.671327	0.105975	C
67	P	0.183435	0.253352	0.444766	0.118447	C
68	G	0.241985	0.090240	0.551333	0.116442	C
69	E	0.303313	0.194285	0.417387	0.085015	C
70	Q	0.273001	0.138880	0.508052	0.080068	C
71	Q	0.301600	0.139735	0.466818	0.091847	C
72	A	0.183154	0.168781	0.520638	0.127427	C
73	P	0.132163	0.075636	0.601698	0.190503	C
74	P	0.114791	0.072862	0.653511	0.158836	C
75	N	0.228105	0.061445	0.601158	0.109293	C
76	L	0.073325	0.089757	0.765192	0.071727	C
77	T	0.131881	0.026625	0.737499	0.103994	C
78	L	0.163131	0.103979	0.668405	0.064485	C
79	R	0.224151	0.092577	0.606177	0.077095	C
80	P	0.228417	0.254977	0.463939	0.052667	C
81	S	0.353240	0.075373	0.536315	0.035072	C
82	A	0.330799	0.177406	0.420894	0.070902	C
83	F	0.457809	0.200585	0.276940	0.064665	H
84	K	0.512799	0.193351	0.285152	0.008698	H
85	A	0.549094	0.310739	0.130276	0.009891	H
86	V	0.657132	0.049549	0.263281	0.030038	H
87	N	0.789354	0.146843	0.057044	0.006759	H
88	D	0.848124	0.038844	0.101996	0.011037	H
89	I	0.878922	0.009765	0.107295	0.004018	H
90	R	0.861656	0.052727	0.075752	0.009865	H
91	D	0.835916	0.008796	0.135274	0.020014	H
92	R	0.727586	0.009686	0.208830	0.053897	H
93	L	0.592789	0.077505	0.309190	0.020516	H
94	E	0.664715	0.058253	0.239475	0.037556	H
95	R	0.602995	0.013766	0.334541	0.048698	H
96	E	0.282243	0.038545	0.590694	0.088517	C
97	A	0.026891	0.194891	0.707428	0.070790	C
98	R	0.015723	0.158477	0.720743	0.105057	C
99	G	0.069751	0.192078	0.618652	0.119519	C
100	A	0.170062	0.142203	0.622735	0.065000	C
101	V	0.009487	0.415909	0.534085	0.040519	C
102	V	0.009273	0.621764	0.317944	0.051019	E
103	S	0.061453	0.542916	0.324722	0.070910	E
104	C	0.241184	0.413338	0.335687	0.009792	E
105	S	0.405798	0.313331	0.271113	0.009758	H
106	D	0.671148	0.065096	0.253959	0.009797	H
107	I	0.728352	0.099314	0.156239	0.016095	H
108	L	0.689863	0.262615	0.038043	0.009479	H
109	A	0.570151	0.313399	0.093922	0.022529	H
110	L	0.557399	0.272792	0.132925	0.036885	H
111	A	0.638380	0.207184	0.126727	0.027709	H
112	A	0.457665	0.254112	0.278378	0.009845	H
113	R	0.471781	0.226455	0.279703	0.022061	H
114	D	0.419261	0.212830	0.353215	0.014694	H
115	S	0.363882	0.370551	0.255792	0.009775	E
116	V	0.380648	0.423277	0.186580	0.009494	E
117	V	0.244927	0.537179	0.204695	0.013199	E
118	V	0.143085	0.556826	0.246124	0.053965	E
119	S	0.050023	0.432448	0.452123	0.065406	C
120	G	0.009184	0.351721	0.574719	0.064376	C
121	G	0.008851	0.278777	0.627939	0.084433	C
122	P	0.046974	0.374220	0.488271	0.090536	C
123	D	0.160140	0.306914	0.462276	0.070671	C
124	Y	0.133840	0.426732	0.383226	0.056202	E
125	R	0.106360	0.490215	0.339032	0.064393	E
126	V	0.065944	0.397033	0.450912	0.086111	C
127	P	0.281736	0.287922	0.312083	0.118260	C
128	L	0.231391	0.158722	0.534931	0.074956	C
129	G	0.073422	0.330674	0.470863	0.125042	C
130	R	0.008601	0.341627	0.538482	0.111290	C
131	R	0.136470	0.162424	0.629408	0.071697	C
132	D	0.009109	0.308512	0.630329	0.052050	C
133	S	0.106239	0.179146	0.647884	0.066731	C
134	R	0.103660	0.294068	0.556691	0.045581	C
135	S	0.212906	0.225661	0.483688	0.077744	C
136	F	0.263678	0.221875	0.428455	0.085992	C
137	A	0.423521	0.221095	0.301782	0.053602	H
138	S	0.462261	0.133429	0.359683	0.044627	H
139	T	0.533741	0.060479	0.357741	0.048039	H
140	Q	0.556471	0.055996	0.329311	0.058222	H
141	D	0.533088	0.009851	0.416357	0.040704	H
142	V	0.560206	0.009758	0.395783	0.034252	H
143	L	0.438456	0.009688	0.483462	0.068394	C
144	S	0.217827	0.009827	0.636786	0.135560	C
145	D	0.108711	0.004561	0.750535	0.136194	C
146	L	0.061857	0.039624	0.717346	0.181173	C
147	P	0.009650	0.148797	0.626605	0.214947	C
148	G	0.068111	0.152353	0.563794	0.215743	C
149	P	0.271871	0.054518	0.514685	0.158926	C
150	S	0.167323	0.120928	0.603389	0.108360	C
151	S	0.286821	0.009848	0.646181	0.057150	C
152	N	0.313473	0.009704	0.619646	0.057176	C
153	V	0.730927	0.009827	0.249996	0.009251	H
154	Q	0.896466	0.021463	0.068667	0.013405	H
155	S	0.941359	0.046647	0.009509	0.002486	H
156	L	0.978878	0.001346	0.009888	0.009888	H
157	L	0.875775	0.099971	0.009808	0.014446	H
158	A	0.872906	0.025354	0.091905	0.009835	H
159	L	0.745050	0.043084	0.192811	0.019056	H
160	L	0.725821	0.019819	0.215807	0.038553	H
161	G	0.649921	0.032140	0.270916	0.047022	H
162	R	0.600671	0.022820	0.363962	0.012547	H
163	L	0.279352	0.044124	0.613818	0.062705	C
164	G	0.111030	0.047025	0.749173	0.092772	C
165	L	0.073309	0.043626	0.743828	0.139238	C
166	D	0.063506	0.095443	0.758528	0.082522	C
167	A	0.471821	0.011955	0.439553	0.076671	H
168	T	0.357297	0.225930	0.372264	0.044508	C
169	D	0.342551	0.309090	0.345213	0.003146	C
170	L	0.218293	0.590920	0.163333	0.027454	E
171	V	0.360251	0.607371	0.026416	0.005962	E
172	T	0.376137	0.516149	0.078240	0.029474	E
173	I	0.307089	0.428352	0.223371	0.041188	E
174	S	0.204571	0.249627	0.507585	0.038217	C
175	G	0.127438	0.231111	0.627386	0.014064	C
176	G	0.299990	0.091196	0.584014	0.024801	C
177	H	0.274198	0.210678	0.495807	0.019317	C
178	T	0.424648	0.280251	0.279884	0.015216	H
179	I	0.165332	0.432424	0.400558	0.001686	E
180	G	0.249691	0.309967	0.404687	0.035654	C
181	L	0.313239	0.391375	0.252071	0.043315	E
182	A	0.322344	0.288927	0.340013	0.048716	C
183	H	0.215682	0.353014	0.362743	0.068561	C
184	D	0.345523	0.107339	0.511476	0.035662	C
185	S	0.350690	0.066375	0.543853	0.039082	C
186	S	0.440661	0.092188	0.401946	0.065205	H
187	F	0.397193	0.239759	0.319748	0.043301	H
188	E	0.446980	0.130029	0.355308	0.067683	H
189	D	0.467733	0.089004	0.411004	0.032259	H
190	R	0.350159	0.177911	0.425621	0.046308	C
191	L	0.275154	0.193068	0.470515	0.061262	C
192	F	0.127265	0.191596	0.593366	0.087773	C
193	P	0.143683	0.135699	0.659406	0.061212	C
194	R	0.125910	0.064207	0.719165	0.090718	C
195	P	0.077891	0.219633	0.593468	0.109007	C
196	D	0.155783	0.045340	0.707199	0.091677	C
197	P	0.104514	0.159693	0.653540	0.082253	C
198	T	0.228889	0.063623	0.607664	0.099824	C
199	I	0.382401	0.139835	0.407731	0.070033	C
200	S	0.461947	0.157360	0.321441	0.059253	H
201	P	0.916600	0.043818	0.029858	0.009724	H
202	T	0.851875	0.073645	0.064617	0.009863	H
203	F	0.873453	0.009415	0.095652	0.021480	H
204	L	0.799077	0.058079	0.128024	0.014819	H
205	S	0.885242	0.012968	0.091732	0.010058	H
206	R	0.820872	0.009485	0.140904	0.028739	H
207	L	0.760752	0.009858	0.224852	0.004537	H
208	K	0.714165	0.023518	0.257426	0.004890	H
209	R	0.526624	0.008618	0.424312	0.040446	H
210	T	0.240839	0.009900	0.637208	0.112053	C
211	D	0.159152	0.045778	0.707873	0.087197	C
212	P	0.112068	0.117300	0.637086	0.133546	C
213	A	0.121834	0.148475	0.565583	0.164107	C
214	K	0.043604	0.185002	0.615625	0.155769	C
215	G	0.101959	0.145147	0.626536	0.126358	C
216	T	0.100663	0.136704	0.651512	0.111121	C
217	D	0.015783	0.113815	0.736130	0.134271	C
218	R	0.019597	0.211536	0.635326	0.133541	C
219	R	0.066478	0.328018	0.452304	0.153200	C
220	T	0.083437	0.396723	0.370020	0.149820	E
221	V	0.009634	0.446782	0.389748	0.153836	E
222	L	0.144827	0.244858	0.460297	0.150017	C
223	D	0.057072	0.299760	0.526850	0.116318	C
224	V	0.086074	0.228960	0.599684	0.085283	C
225	R	0.094867	0.196727	0.636410	0.071996	C
226	T	0.214405	0.185118	0.527055	0.073422	C
227	P	0.166300	0.222894	0.522560	0.088246	C
228	N	0.343839	0.097055	0.485609	0.073497	C
229	V	0.361947	0.192703	0.368250	0.077100	C
230	F	0.356246	0.152813	0.420240	0.070700	C
231	D	0.416667	0.115154	0.391248	0.076931	H
232	N	0.409914	0.108320	0.452776	0.028991	C
233	K	0.532522	0.126828	0.290867	0.049782	H
234	Y	0.715899	0.039423	0.227663	0.017014	H
235	Y	0.727016	0.141215	0.122015	0.009755	H
236	I	0.836476	0.000515	0.158017	0.004992	H
237	D	0.728965	0.058413	0.184465	0.028158	H
238	L	0.745555	0.009052	0.236341	0.009052	H
239	V	0.709260	0.012836	0.263918	0.013985	H
240	N	0.480197	0.037540	0.451072	0.031190	H
241	R	0.382605	0.033679	0.558665	0.025051	C
242	E	0.185470	0.189419	0.578425	0.046685	C
243	G	0.111159	0.273249	0.533393	0.082199	C
244	L	0.107657	0.322590	0.512300	0.057453	C
245	F	0.131642	0.338057	0.449551	0.080749	C
246	V	0.208661	0.187808	0.515806	0.087726	C
247	S	0.359214	0.215538	0.394776	0.030471	C
248	D	0.319690	0.218235	0.407421	0.054654	C
249	Q	0.392222	0.240141	0.321542	0.046095	H
250	D	0.489784	0.128423	0.332830	0.048962	H
251	L	0.348910	0.185592	0.415574	0.049924	C
252	F	0.373765	0.161765	0.417293	0.047177	C
253	T	0.124596	0.122898	0.695394	0.057111	C
254	N	0.146353	0.117965	0.686274	0.049408	C
255	A	0.290180	0.073445	0.590282	0.046093	C
256	I	0.372205	0.049521	0.523362	0.054912	C
257	T	0.435363	0.108322	0.411684	0.044632	H
258	R	0.512786	0.103709	0.340453	0.043052	H
259	P	0.804244	0.009096	0.158583	0.028078	H
260	I	0.895090	0.055883	0.032341	0.016685	H
261	V	0.872761	0.009660	0.096516	0.021063	H
262	E	0.807561	0.043333	0.138286	0.010820	H
263	R	0.819519	0.024692	0.146628	0.009161	H
264	F	0.650384	0.110630	0.222368	0.016618	H
265	A	0.588513	0.117963	0.266757	0.026768	H
266	Q	0.364880	0.157864	0.454702	0.022555	C
267	S	0.355683	0.087985	0.550234	0.006098	C
268	Q	0.611831	0.009540	0.349157	0.029473	H
269	Q	0.662135	0.015930	0.292078	0.029857	H
270	D	0.800953	0.009335	0.188659	0.001053	H
271	F	0.832054	0.008895	0.147264	0.011787	H
272	F	0.803567	0.023243	0.172298	0.000891	H
273	E	0.788713	0.009227	0.192833	0.009227	H
274	Q	0.698068	0.038637	0.263056	0.000238	H
275	F	0.875264	0.001429	0.113492	0.009814	H
276	G	0.872742	0.017963	0.099406	0.009889	H
277	V	0.763327	0.008760	0.219152	0.008760	H
278	S	0.695987	0.041394	0.235357	0.027262	H
279	I	0.681127	0.175283	0.117591	0.025999	H
280	G	0.485547	0.241632	0.239619	0.033202	H
281	K	0.516932	0.227230	0.226621	0.029218	H
282	M	0.322880	0.112227	0.492287	0.072605	C
283	G	0.204509	0.171036	0.574925	0.049530	C
284	Q	0.114689	0.167967	0.621930	0.095413	C
285	M	0.105403	0.215670	0.610260	0.068668	C
286	R	0.136365	0.275352	0.505606	0.082678	C
287	V	0.114328	0.258945	0.522605	0.104123	C
288	R	0.149159	0.227618	0.515707	0.107516	C
289	T	0.001018	0.367079	0.542728	0.089175	C
290	S	0.082000	0.172588	0.642890	0.102523	C
291	D	0.185960	0.096984	0.622993	0.094064	C
292	Q	0.176176	0.177772	0.555862	0.090189	C
293	G	0.181598	0.273062	0.452005	0.093335	C
294	E	0.235051	0.443845	0.240066	0.081038	E
295	V	0.310194	0.429525	0.175916	0.084365	E
296	R	0.299585	0.356493	0.294927	0.048995	E
297	R	0.312405	0.314018	0.342086	0.031491	C
298	N	0.182076	0.238208	0.502551	0.077165	C
299	C	0.243887	0.244510	0.456305	0.055298	C
300	S	0.021255	0.339785	0.539231	0.099729	C
301	V	0.171864	0.384651	0.363715	0.079770	E
302	R	0.039248	0.307593	0.521954	0.131205	C
303	N	0.184684	0.140673	0.582740	0.091903	C
304	P	0.020273	0.125816	0.732102	0.121808	C
305	G	0.082090	0.029676	0.728964	0.159270	C
306	P	0.001292	0.124039	0.694626	0.180043	C
307	G	0.044838	0.046373	0.786801	0.121988	C
