> rkretsch_1824712674
#rid	resname	Helix	Beta	Coil	PPII	ss_kind
1	A	0.009383	0.328817	0.585253	0.076547	C
2	T	0.009632	0.535943	0.386249	0.068176	E
3	I	0.008929	0.668914	0.256400	0.065757	E
4	T	0.029557	0.531422	0.341532	0.097490	E
5	S	0.099810	0.408776	0.406373	0.085041	E
6	N	0.009891	0.312667	0.563856	0.113586	C
7	Q	0.012768	0.310728	0.577031	0.099472	C
8	L	0.016178	0.276330	0.589037	0.118455	C
9	G	0.034052	0.225562	0.605266	0.135120	C
10	T	0.009547	0.278283	0.574003	0.138167	C
11	I	0.009359	0.304313	0.578050	0.108277	C
12	T	0.009550	0.357973	0.511321	0.121156	C
13	E	0.085705	0.223626	0.552972	0.137697	C
14	D	0.009467	0.216213	0.613659	0.160661	C
15	S	0.009690	0.298917	0.579793	0.111600	C
16	G	0.004167	0.347617	0.528727	0.119489	C
17	S	0.102069	0.392589	0.402751	0.102591	C
18	Y	0.009528	0.434136	0.462193	0.094143	C
19	T	0.066130	0.374994	0.439317	0.119560	C
20	P	0.009720	0.297623	0.572021	0.120635	C
21	G	0.006611	0.269028	0.593782	0.130579	C
22	T	0.020207	0.331818	0.564564	0.083412	C
23	I	0.174569	0.361036	0.453009	0.011386	C
24	A	0.123406	0.456432	0.378860	0.041303	E
25	T	0.354690	0.278579	0.346200	0.020531	H
26	A	0.204381	0.264184	0.469528	0.061906	C
27	T	0.271549	0.132722	0.509764	0.085966	C
28	R	0.202342	0.099504	0.650236	0.047918	C
29	L	0.286823	0.075730	0.583009	0.054438	C
30	V	0.096577	0.256472	0.588061	0.058891	C
31	L	0.120376	0.078166	0.675079	0.126378	C
32	T	0.107356	0.192179	0.560655	0.139810	C
33	P	0.268072	0.244226	0.366718	0.120984	C
34	R	0.300109	0.207269	0.374493	0.118129	C
35	E	0.219542	0.207936	0.488345	0.084176	C
36	T	0.290947	0.045318	0.589130	0.074605	C
37	P	0.024522	0.203055	0.633643	0.138779	C
38	Q	0.089324	0.309848	0.511376	0.089452	C
39	S	0.162063	0.345470	0.406094	0.086372	C
40	I	0.276363	0.412660	0.288024	0.022953	E
41	T	0.198083	0.420983	0.352473	0.028461	E
42	V	0.224103	0.312751	0.406076	0.057069	C
43	V	0.146471	0.422890	0.392088	0.038550	E
44	T	0.342928	0.252117	0.374724	0.030231	C
45	R	0.578753	0.138039	0.247517	0.035691	H
46	Q	0.592317	0.091112	0.267302	0.049268	H
47	N	0.553101	0.048547	0.385210	0.013142	H
48	D	0.623749	0.010179	0.320955	0.045116	H
49	D	0.489681	0.082603	0.374917	0.052798	H
50	F	0.368896	0.009747	0.569558	0.051799	C
51	G	0.135555	0.009541	0.798874	0.056031	C
52	L	0.192997	0.074338	0.684508	0.048157	C
53	N	0.274148	0.167428	0.493488	0.064936	C
54	N	0.278220	0.138849	0.517967	0.064964	C
55	I	0.553185	0.115423	0.292757	0.038634	H
56	D	0.667610	0.152049	0.163475	0.016866	H
57	D	0.730766	0.042195	0.217018	0.010021	H
58	V	0.639293	0.127801	0.204107	0.028799	H
59	R	0.357642	0.094895	0.495899	0.051563	C
60	H	0.328281	0.057789	0.557598	0.056333	C
61	T	0.294908	0.186885	0.470324	0.047883	C
62	P	0.124896	0.113317	0.671807	0.089979	C
63	G	0.009616	0.157227	0.718171	0.114986	C
64	I	0.009837	0.519479	0.412386	0.058298	E
65	T	0.009220	0.530653	0.400838	0.059289	E
66	V	0.026059	0.589676	0.358713	0.025552	E
67	S	0.075387	0.476165	0.392585	0.055863	E
68	A	0.009898	0.398951	0.525943	0.065208	C
69	Y	0.035295	0.374530	0.495457	0.094718	C
70	D	0.109900	0.227244	0.567414	0.095442	C
71	T	0.064109	0.129922	0.706500	0.099468	C
72	D	0.009627	0.144005	0.725935	0.120433	C
73	R	0.040649	0.160023	0.690398	0.108929	C
74	N	0.064938	0.260087	0.585468	0.089506	C
75	N	0.008853	0.479498	0.437088	0.074562	E
76	Y	0.015621	0.615185	0.303305	0.065888	E
77	Y	0.111014	0.636699	0.229065	0.023221	E
78	A	0.092416	0.656459	0.241238	0.009887	E
79	R	0.009891	0.421574	0.456417	0.112118	C
80	G	0.117890	0.233509	0.573929	0.074673	C
81	F	0.018253	0.390431	0.514371	0.076944	C
82	S	0.062791	0.286701	0.588094	0.062414	C
83	I	0.050548	0.248634	0.626566	0.074252	C
84	N	0.118157	0.245755	0.579464	0.056625	C
85	N	0.087247	0.363864	0.502946	0.045943	C
86	F	0.009582	0.506470	0.424764	0.059185	E
87	Q	0.103717	0.537963	0.329173	0.029147	E
88	Y	0.216942	0.361861	0.390702	0.030495	C
89	D	0.212926	0.240102	0.489929	0.057044	C
90	G	0.005154	0.182920	0.704605	0.107321	C
91	I	0.043420	0.241015	0.632081	0.083484	C
92	P	0.116360	0.091134	0.707781	0.084724	C
93	S	0.046411	0.219892	0.626787	0.106910	C
94	T	0.081808	0.152004	0.685904	0.080284	C
95	A	0.059618	0.123779	0.724866	0.091737	C
96	R	0.106839	0.101050	0.698601	0.093510	C
97	N	0.110443	0.153923	0.646925	0.088709	C
98	V	0.091680	0.193947	0.624400	0.089972	C
99	G	0.022447	0.236974	0.654946	0.085634	C
100	Y	0.009868	0.230418	0.664322	0.095392	C
101	S	0.054321	0.192508	0.648384	0.104788	C
102	A	0.016653	0.183751	0.693371	0.106226	C
103	G	0.018578	0.188471	0.700942	0.092010	C
104	N	0.039737	0.118697	0.755359	0.086207	C
105	T	0.009249	0.154013	0.765228	0.071510	C
106	L	0.060227	0.142892	0.719594	0.077287	C
107	S	0.120712	0.066885	0.722582	0.089822	C
108	D	0.396254	0.016439	0.543758	0.043549	C
109	A	0.249579	0.314129	0.389170	0.047122	C
110	I	0.172938	0.392815	0.356627	0.077620	E
111	Y	0.047497	0.370815	0.510424	0.071264	C
112	D	0.157335	0.296124	0.515397	0.031144	C
113	R	0.146667	0.481794	0.337044	0.034495	E
114	V	0.190013	0.498417	0.310043	0.001528	E
115	E	0.037974	0.641489	0.310651	0.009886	E
116	V	0.027355	0.693649	0.218451	0.060545	E
117	L	0.077732	0.586043	0.310286	0.025939	E
118	K	0.070848	0.433127	0.444621	0.051403	C
119	G	0.228902	0.113534	0.612397	0.045168	C
120	A	0.450461	0.081607	0.398227	0.069705	H
121	T	0.347337	0.148205	0.455753	0.048704	C
122	G	0.247643	0.138589	0.538745	0.075023	C
123	L	0.305254	0.216827	0.422897	0.055022	C
124	L	0.255357	0.316382	0.367295	0.060966	C
125	T	0.200756	0.296763	0.460239	0.042242	C
126	G	0.070431	0.401565	0.465082	0.062923	C
127	A	0.202945	0.218814	0.477069	0.101172	C
128	G	0.086852	0.258018	0.573298	0.081832	C
129	S	0.226365	0.129022	0.578636	0.065978	C
130	L	0.380315	0.039719	0.509367	0.070599	C
131	G	0.295012	0.258714	0.389802	0.056472	C
132	A	0.278791	0.425499	0.281049	0.014660	E
133	T	0.317734	0.530330	0.118288	0.033647	E
134	I	0.212911	0.600205	0.159433	0.027451	E
135	N	0.095432	0.599795	0.290701	0.014071	E
136	L	0.145426	0.477407	0.355353	0.021814	E
137	I	0.150231	0.531356	0.298920	0.019494	E
138	R	0.009464	0.405508	0.532998	0.052030	C
139	K	0.155899	0.223414	0.532734	0.087953	C
140	K	0.036007	0.224887	0.617960	0.121147	C
141	P	0.266608	0.126107	0.501552	0.105733	C
142	T	0.171381	0.098973	0.598804	0.130841	C
143	H	0.392741	0.088325	0.437473	0.081461	C
144	E	0.236452	0.132111	0.560308	0.071128	C
145	F	0.490205	0.062763	0.411634	0.035399	H
146	K	0.388646	0.349498	0.252036	0.009819	H
147	G	0.273669	0.351898	0.353276	0.021157	C
148	H	0.205838	0.458402	0.330844	0.004916	E
149	V	0.086574	0.637827	0.246366	0.029233	E
150	E	0.124977	0.588046	0.262230	0.024747	E
151	L	0.012945	0.666510	0.284080	0.036464	E
152	G	0.020758	0.552233	0.391480	0.035529	E
153	A	0.008975	0.595715	0.338087	0.057222	E
154	G	0.062717	0.290804	0.593513	0.052966	C
155	S	0.009614	0.325192	0.633929	0.031266	C
156	W	0.203054	0.087483	0.658807	0.050657	C
157	D	0.407473	0.008942	0.574643	0.008942	C
158	N	0.265343	0.154235	0.524174	0.056248	C
159	Y	0.009839	0.400576	0.559828	0.029757	C
160	R	0.157826	0.415341	0.386576	0.040256	E
161	S	0.117902	0.418610	0.425681	0.037806	C
162	E	0.042555	0.622551	0.315769	0.019124	E
163	L	0.064598	0.517353	0.393384	0.024664	E
164	D	0.157964	0.261967	0.545274	0.034795	C
165	V	0.009845	0.475581	0.461173	0.053401	E
166	S	0.199883	0.226147	0.514918	0.059052	C
167	G	0.207519	0.211804	0.528568	0.052108	C
168	P	0.236562	0.235497	0.444375	0.083566	C
169	L	0.129221	0.190165	0.575762	0.104852	C
170	T	0.248028	0.157093	0.501663	0.093216	C
171	E	0.367416	0.004562	0.581835	0.046187	C
172	S	0.275221	0.044134	0.623894	0.056751	C
173	G	0.196247	0.143289	0.639245	0.021219	C
174	N	0.215969	0.314777	0.418147	0.051107	C
175	V	0.073967	0.540294	0.326224	0.059514	E
176	R	0.134287	0.450482	0.363396	0.051835	E
177	G	0.316888	0.499044	0.166216	0.017852	E
178	R	0.307737	0.350954	0.312884	0.028425	E
179	A	0.260431	0.496292	0.199493	0.043783	E
180	V	0.356062	0.529528	0.105467	0.008943	E
181	A	0.075683	0.501351	0.392792	0.030173	E
182	A	0.292448	0.445201	0.250130	0.012222	E
183	Y	0.012641	0.516892	0.432706	0.037760	E
184	Q	0.131159	0.307214	0.516994	0.044632	C
185	D	0.083056	0.214140	0.632552	0.070253	C
186	K	0.046539	0.210312	0.667173	0.075976	C
187	H	0.080857	0.197668	0.655679	0.065796	C
188	S	0.236884	0.225398	0.467722	0.069996	C
189	F	0.103047	0.409704	0.390100	0.097149	E
190	D	0.117465	0.270605	0.541619	0.070311	C
191	H	0.152913	0.254090	0.500413	0.092585	C
192	Y	0.303981	0.184297	0.470654	0.041068	C
193	E	0.177667	0.204509	0.559933	0.057891	C
194	R	0.155345	0.238139	0.583964	0.022552	C
195	K	0.182473	0.160849	0.635705	0.020973	C
196	T	0.147102	0.222240	0.615705	0.014953	C
197	S	0.146764	0.315307	0.486259	0.051670	C
198	V	0.009779	0.639226	0.309639	0.041355	E
199	Y	0.102766	0.449870	0.375054	0.072310	E
200	Y	0.217401	0.373786	0.340870	0.067943	E
201	G	0.146603	0.498736	0.268352	0.086309	E
202	I	0.126731	0.549422	0.279793	0.044054	E
203	L	0.009553	0.581569	0.384466	0.024412	E
204	E	0.033960	0.649438	0.306904	0.009698	E
205	F	0.018155	0.551088	0.386941	0.043815	E
206	D	0.017998	0.439321	0.475592	0.067089	C
207	L	0.009742	0.349274	0.570114	0.070870	C
208	N	0.074042	0.182327	0.628157	0.115474	C
209	P	0.251477	0.171459	0.550765	0.026299	C
210	D	0.352081	0.171511	0.449667	0.026741	C
211	T	0.331955	0.268102	0.356790	0.043153	C
212	L	0.447344	0.407590	0.120994	0.024073	H
213	T	0.501421	0.404151	0.086933	0.007495	H
214	V	0.426062	0.333989	0.232551	0.007398	H
215	G	0.365938	0.289720	0.327666	0.016676	H
216	A	0.481345	0.280626	0.236212	0.001818	H
217	D	0.389290	0.440896	0.164939	0.004875	E
218	Y	0.334883	0.370371	0.281018	0.013728	E
219	Q	0.343676	0.343222	0.302473	0.010629	H
220	D	0.174863	0.345523	0.454261	0.025353	C
221	N	0.132250	0.196548	0.606080	0.065123	C
222	D	0.089902	0.118853	0.691314	0.099931	C
223	P	0.100708	0.137109	0.661496	0.100686	C
224	K	0.051511	0.135648	0.703158	0.109683	C
225	G	0.108230	0.109985	0.674204	0.107580	C
226	S	0.009613	0.229526	0.653746	0.107115	C
227	G	0.071103	0.240926	0.593721	0.094251	C
228	W	0.090760	0.268385	0.560890	0.079966	C
229	S	0.073749	0.234473	0.611996	0.079782	C
230	G	0.010133	0.336414	0.581365	0.072089	C
231	S	0.041205	0.411833	0.466089	0.080873	C
232	F	0.046840	0.330172	0.522103	0.100884	C
233	P	0.009396	0.542217	0.377218	0.071169	E
234	L	0.009236	0.483352	0.412338	0.095075	E
235	F	0.009007	0.490707	0.408855	0.091431	E
236	D	0.072243	0.328634	0.526948	0.072174	C
237	S	0.099011	0.232493	0.602680	0.065815	C
238	Q	0.166876	0.056019	0.704269	0.072836	C
239	G	0.036446	0.061144	0.780986	0.121424	C
240	N	0.001237	0.108695	0.768302	0.121766	C
241	R	0.037091	0.146774	0.687412	0.128723	C
242	N	0.132496	0.128438	0.628232	0.110833	C
243	D	0.099494	0.216415	0.575394	0.108697	C
244	V	0.160489	0.110335	0.624493	0.104683	C
245	S	0.085392	0.168672	0.647972	0.097964	C
246	R	0.009549	0.230746	0.683386	0.076319	C
247	S	0.060265	0.289650	0.586596	0.063490	C
248	F	0.009484	0.238590	0.690564	0.061363	C
249	N	0.009005	0.323177	0.572053	0.095764	C
250	N	0.037659	0.271078	0.595351	0.095912	C
251	G	0.072437	0.195272	0.620552	0.111739	C
252	A	0.087875	0.120496	0.679316	0.112313	C
253	K	0.036774	0.098620	0.751300	0.113307	C
254	W	0.062659	0.058815	0.772300	0.106226	C
255	S	0.157361	0.004978	0.768213	0.069448	C
256	S	0.216071	0.020032	0.661852	0.102045	C
257	W	0.250517	0.182966	0.525538	0.040978	C
258	E	0.215875	0.192904	0.528450	0.062771	C
259	Q	0.382259	0.193854	0.410717	0.013171	C
260	Y	0.375723	0.200232	0.422921	0.001123	C
261	T	0.301694	0.355233	0.338001	0.005072	E
262	R	0.272120	0.387448	0.319728	0.020704	E
263	T	0.312661	0.411164	0.270390	0.005786	E
264	V	0.187838	0.517774	0.269736	0.024652	E
265	F	0.280770	0.437917	0.214398	0.066914	E
266	A	0.235710	0.433083	0.278594	0.052613	E
267	N	0.202399	0.536419	0.234794	0.026388	E
268	L	0.186783	0.535885	0.249813	0.027519	E
269	E	0.198966	0.525982	0.264789	0.010262	E
270	H	0.344996	0.377725	0.271454	0.005825	E
271	N	0.287691	0.309247	0.402076	0.000987	C
272	F	0.303625	0.132925	0.482457	0.080992	C
273	A	0.250073	0.189939	0.502462	0.057527	C
274	N	0.390566	0.048767	0.518376	0.042291	C
275	G	0.273109	0.170277	0.505177	0.051437	C
276	W	0.175920	0.406717	0.350318	0.067045	E
277	V	0.080883	0.581936	0.317754	0.019427	E
278	G	0.410396	0.521675	0.058224	0.009705	E
279	K	0.235620	0.543211	0.198514	0.022655	E
280	V	0.260364	0.441198	0.268773	0.029665	E
281	Q	0.359923	0.411062	0.223169	0.005846	E
282	L	0.280904	0.332967	0.361347	0.024783	C
283	D	0.193666	0.490276	0.262882	0.053176	E
284	H	0.340182	0.321501	0.311980	0.026337	H
285	K	0.297912	0.338518	0.346409	0.017161	C
286	I	0.342667	0.294886	0.349129	0.013318	C
287	N	0.302214	0.204980	0.489791	0.003015	C
288	G	0.319896	0.143885	0.505045	0.031174	C
289	Y	0.365352	0.149252	0.462171	0.023225	C
290	H	0.339234	0.210718	0.417111	0.032937	C
291	A	0.410344	0.185588	0.373731	0.030337	H
292	P	0.350255	0.290976	0.316314	0.042455	H
293	L	0.369977	0.343812	0.271547	0.014663	H
294	G	0.189677	0.438248	0.338052	0.034023	E
295	A	0.241328	0.380523	0.320497	0.057652	E
296	I	0.114165	0.403314	0.433539	0.048983	C
297	G	0.009635	0.402515	0.510633	0.077217	C
298	D	0.036677	0.301144	0.596185	0.065993	C
299	W	0.009478	0.357854	0.558587	0.074081	C
300	P	0.009888	0.248080	0.634959	0.107073	C
301	A	0.010485	0.176397	0.693069	0.120049	C
302	P	0.098412	0.092760	0.690882	0.117945	C
303	D	0.064387	0.199042	0.637735	0.098836	C
304	N	0.009666	0.166399	0.740446	0.083490	C
305	S	0.016152	0.318094	0.594658	0.071097	C
306	A	0.048012	0.340597	0.544429	0.066962	C
307	K	0.145006	0.437675	0.371696	0.045622	E
308	I	0.157245	0.475802	0.323734	0.043220	E
309	V	0.100526	0.534761	0.315276	0.049437	E
310	A	0.134219	0.468617	0.364146	0.033019	E
311	Q	0.118486	0.376425	0.434870	0.070219	C
312	K	0.153917	0.272991	0.493663	0.079428	C
313	Y	0.154187	0.225449	0.577487	0.042878	C
314	T	0.116869	0.243855	0.572566	0.066710	C
315	G	0.178349	0.191751	0.594384	0.035516	C
316	E	0.266652	0.191055	0.498623	0.043669	C
317	T	0.252651	0.240774	0.495218	0.011357	C
318	K	0.304394	0.152162	0.518988	0.024456	C
319	S	0.300623	0.370140	0.319430	0.009807	E
320	N	0.216556	0.365293	0.402021	0.016130	C
321	S	0.314730	0.384761	0.283997	0.016512	E
322	L	0.128604	0.496592	0.327663	0.047141	E
323	D	0.301636	0.405523	0.246502	0.046339	E
324	I	0.274202	0.447499	0.264311	0.013988	E
325	Y	0.192596	0.500497	0.299539	0.007368	E
326	L	0.157555	0.556290	0.276363	0.009792	E
327	T	0.286690	0.535602	0.174303	0.003405	E
328	G	0.258911	0.334433	0.366277	0.040380	C
329	P	0.265353	0.387362	0.313893	0.033392	E
330	F	0.265257	0.436199	0.250594	0.047950	E
331	Q	0.324637	0.357296	0.281053	0.037014	E
332	F	0.377333	0.245628	0.345921	0.031119	H
333	L	0.286368	0.156450	0.509679	0.047503	C
334	G	0.100007	0.167660	0.686642	0.045690	C
335	R	0.238652	0.296184	0.417834	0.047330	C
336	E	0.317588	0.114728	0.517282	0.050403	C
337	H	0.145238	0.429001	0.415912	0.009849	E
338	E	0.129118	0.562411	0.298587	0.009883	E
339	L	0.209627	0.549330	0.218242	0.022801	E
340	V	0.197664	0.534181	0.224002	0.044153	E
341	V	0.100182	0.529419	0.283796	0.086603	E
342	G	0.086648	0.463687	0.420469	0.029195	E
343	T	0.178565	0.300277	0.500670	0.020488	C
344	S	0.285498	0.273124	0.394132	0.047246	C
345	A	0.264358	0.320350	0.412752	0.002540	C
346	S	0.277536	0.353423	0.359159	0.009882	C
347	F	0.191380	0.266559	0.515822	0.026238	C
348	S	0.167721	0.222756	0.597489	0.012034	C
349	H	0.150761	0.220550	0.584402	0.044287	C
350	W	0.072717	0.284500	0.598323	0.044460	C
351	E	0.041642	0.224051	0.679724	0.054583	C
352	G	0.072153	0.231963	0.623814	0.072070	C
353	K	0.095171	0.203207	0.643212	0.058411	C
354	S	0.068845	0.330751	0.542521	0.057882	C
355	Y	0.040030	0.395699	0.514610	0.049661	C
356	W	0.004469	0.416302	0.510917	0.068312	C
357	N	0.009742	0.346274	0.581414	0.062570	C
358	L	0.033497	0.289476	0.595983	0.081043	C
359	R	0.054990	0.225995	0.627272	0.091743	C
360	N	0.045305	0.205111	0.663341	0.086243	C
361	Y	0.066780	0.156914	0.688629	0.087677	C
362	D	0.059315	0.106434	0.729455	0.104796	C
363	N	0.052686	0.131507	0.718330	0.097477	C
364	T	0.014127	0.225774	0.661180	0.098918	C
365	T	0.093774	0.185174	0.630818	0.090234	C
366	D	0.114270	0.144318	0.632122	0.109290	C
367	D	0.080901	0.149030	0.673101	0.096968	C
368	F	0.125740	0.105212	0.683593	0.085455	C
369	I	0.112430	0.081576	0.733440	0.072553	C
370	N	0.102134	0.094273	0.739758	0.063835	C
371	W	0.116662	0.077529	0.729296	0.076514	C
372	D	0.059903	0.107417	0.760673	0.072007	C
373	G	0.067421	0.134682	0.702228	0.095668	C
374	D	0.009768	0.186434	0.711714	0.092084	C
375	I	0.082304	0.180843	0.640979	0.095875	C
376	G	0.022020	0.190695	0.631932	0.155352	C
377	K	0.009299	0.289114	0.542981	0.158606	C
378	P	0.009877	0.262964	0.554785	0.172373	C
379	D	0.008988	0.252704	0.593956	0.144352	C
380	W	0.059233	0.239270	0.586863	0.114634	C
381	G	0.026805	0.186912	0.672775	0.113508	C
382	T	0.009782	0.243589	0.637373	0.109255	C
383	P	0.070815	0.234799	0.598206	0.096181	C
384	S	0.063378	0.220340	0.634717	0.081564	C
385	Q	0.141767	0.191315	0.588740	0.078178	C
386	Y	0.132746	0.181944	0.606066	0.079244	C
387	I	0.174386	0.227046	0.537649	0.060918	C
388	D	0.183250	0.254435	0.513803	0.048513	C
389	D	0.268038	0.265318	0.444422	0.022222	C
390	K	0.323047	0.316969	0.346704	0.013279	C
391	T	0.321781	0.342536	0.325902	0.009781	E
392	R	0.315980	0.336416	0.337882	0.009722	C
393	Q	0.452503	0.288145	0.249589	0.009763	H
394	L	0.351612	0.436456	0.202238	0.009695	E
395	G	0.429044	0.389992	0.151647	0.029318	H
396	S	0.395149	0.534524	0.042030	0.028297	E
397	Y	0.498586	0.304004	0.181626	0.015784	H
398	T	0.413187	0.344194	0.232789	0.009829	H
399	A	0.334675	0.413586	0.228783	0.022956	E
400	R	0.271662	0.333917	0.369645	0.024777	C
401	F	0.356211	0.411238	0.201654	0.030896	E
402	N	0.236912	0.271610	0.450709	0.040768	C
403	V	0.288539	0.107477	0.548042	0.055942	C
404	T	0.287928	0.149045	0.487698	0.075329	C
405	D	0.325217	0.043903	0.599229	0.031651	C
406	D	0.136628	0.134591	0.642809	0.085973	C
407	L	0.103768	0.432838	0.426161	0.037233	E
408	N	0.047191	0.576866	0.351216	0.024727	E
409	L	0.192233	0.629739	0.168161	0.009867	E
410	F	0.275217	0.622134	0.097035	0.005614	E
411	L	0.232723	0.595593	0.134985	0.036700	E
412	G	0.194997	0.391650	0.351438	0.061915	E
413	G	0.149109	0.429083	0.377064	0.044744	E
414	R	0.039591	0.267598	0.656107	0.036704	C
415	V	0.008943	0.473853	0.491715	0.025489	C
416	V	0.141223	0.308103	0.537691	0.012982	C
417	D	0.096642	0.469804	0.395438	0.038116	E
418	Y	0.015334	0.443704	0.517810	0.023152	C
419	R	0.039199	0.531843	0.379119	0.049839	E
420	V	0.009893	0.468028	0.489319	0.032759	C
421	T	0.035606	0.431848	0.483721	0.048825	C
422	G	0.015951	0.290566	0.613586	0.079897	C
423	L	0.004056	0.282745	0.642363	0.070836	C
424	N	0.028436	0.256192	0.639613	0.075759	C
425	P	0.067509	0.177256	0.650806	0.104428	C
426	T	0.102744	0.219396	0.605377	0.072483	C
427	I	0.109485	0.215093	0.602564	0.072858	C
428	R	0.162658	0.333178	0.424782	0.079382	C
429	E	0.080503	0.367233	0.487970	0.064294	C
430	S	0.074016	0.246476	0.616716	0.062792	C
431	G	0.054269	0.216418	0.675109	0.054203	C
432	R	0.047811	0.404729	0.472007	0.075453	C
433	F	0.036775	0.459268	0.479834	0.024123	C
434	I	0.074617	0.363321	0.500050	0.062012	C
435	P	0.104266	0.380729	0.461292	0.053714	C
436	Y	0.053945	0.434330	0.464461	0.047265	C
437	V	0.189389	0.378870	0.377317	0.054424	E
438	G	0.131701	0.478637	0.359282	0.030380	E
439	A	0.220715	0.557189	0.219964	0.002133	E
440	V	0.156700	0.682931	0.150871	0.009497	E
441	Y	0.163291	0.562421	0.264521	0.009767	E
442	D	0.167332	0.358964	0.453929	0.019776	C
443	L	0.086060	0.193191	0.643066	0.077682	C
444	N	0.101651	0.112567	0.722914	0.062869	C
445	D	0.171783	0.041461	0.749500	0.037256	C
446	T	0.126764	0.145252	0.689498	0.038485	C
447	Y	0.076588	0.216986	0.661411	0.045016	C
448	S	0.061675	0.381045	0.485456	0.071823	C
449	V	0.229945	0.404976	0.318553	0.046525	E
450	Y	0.266067	0.393299	0.293146	0.047488	E
451	A	0.206453	0.350604	0.394348	0.048595	C
452	S	0.301926	0.179015	0.496320	0.022740	C
453	Y	0.204027	0.342699	0.441203	0.012071	C
454	T	0.269183	0.133742	0.566299	0.030776	C
455	D	0.403975	0.092538	0.486462	0.017025	C
456	I	0.302934	0.175141	0.481923	0.040002	C
457	F	0.269346	0.250272	0.406955	0.073427	C
458	P	0.043434	0.372981	0.482831	0.100755	C
459	Q	0.104395	0.113299	0.603366	0.178940	C
460	D	0.023164	0.262653	0.546172	0.168011	C
461	S	0.068460	0.227554	0.614703	0.089283	C
462	W	0.065590	0.233453	0.579446	0.121510	C
463	Y	0.058117	0.279350	0.569696	0.092837	C
464	R	0.009474	0.308495	0.583091	0.098939	C
465	D	0.071747	0.204574	0.646248	0.077430	C
466	S	0.111372	0.165776	0.666041	0.056811	C
467	S	0.130629	0.051360	0.734637	0.083374	C
468	N	0.051807	0.102835	0.760716	0.084643	C
469	K	0.009832	0.176727	0.646412	0.167028	C
470	L	0.040744	0.148379	0.663679	0.147197	C
471	L	0.083447	0.201522	0.559020	0.156010	C
472	E	0.010057	0.272198	0.558144	0.159601	C
473	P	0.066124	0.318281	0.476823	0.138773	C
474	D	0.074461	0.403406	0.430535	0.091598	C
475	E	0.087465	0.270043	0.545870	0.096622	C
476	G	0.037601	0.309107	0.572286	0.081006	C
477	Q	0.093344	0.245950	0.607655	0.053051	C
478	N	0.269096	0.352664	0.377945	0.000295	C
479	Y	0.050379	0.451687	0.477517	0.020416	C
480	E	0.410809	0.448231	0.131063	0.009897	E
481	I	0.305827	0.444011	0.249420	0.000741	E
482	G	0.141959	0.526180	0.310270	0.021591	E
483	I	0.009248	0.527674	0.424020	0.039058	E
484	K	0.330937	0.320065	0.339340	0.009658	C
485	G	0.146175	0.384187	0.459758	0.009880	C
486	E	0.264493	0.338650	0.341151	0.055707	C
487	Y	0.342485	0.208491	0.399680	0.049344	C
488	L	0.208067	0.078108	0.651857	0.061969	C
489	D	0.273685	0.009752	0.658405	0.058158	C
490	G	0.226071	0.089755	0.623398	0.060776	C
491	R	0.283950	0.115693	0.546120	0.054236	C
492	L	0.285573	0.287426	0.405594	0.021408	C
493	N	0.378327	0.298768	0.297174	0.025731	H
494	T	0.442563	0.365148	0.144702	0.047586	H
495	S	0.557449	0.274689	0.113925	0.053937	H
496	L	0.405442	0.374393	0.178046	0.042118	H
497	A	0.632495	0.324572	0.009797	0.033136	H
498	Y	0.351653	0.510942	0.124076	0.013330	E
499	F	0.201116	0.458161	0.275128	0.065595	E
500	E	0.344788	0.296730	0.339691	0.018791	H
501	I	0.259915	0.352109	0.355028	0.032948	C
502	H	0.165085	0.351822	0.447609	0.035484	C
503	E	0.286042	0.280083	0.424144	0.009730	C
504	E	0.082532	0.317716	0.561646	0.038107	C
505	N	0.094948	0.253215	0.571970	0.079867	C
506	R	0.009304	0.385111	0.489317	0.116268	C
507	A	0.009798	0.310275	0.582037	0.097890	C
508	E	0.008546	0.434462	0.467051	0.089940	C
509	E	0.009290	0.344288	0.561662	0.084760	C
510	D	0.007715	0.275240	0.600537	0.116508	C
511	A	0.013398	0.190793	0.695476	0.100332	C
512	L	0.086030	0.108933	0.725461	0.079576	C
513	Y	0.154535	0.113196	0.647069	0.085201	C
514	N	0.098887	0.091003	0.714781	0.095329	C
515	S	0.088820	0.116313	0.699032	0.095835	C
516	K	0.056406	0.137387	0.700340	0.105867	C
517	P	0.116970	0.152724	0.636045	0.094261	C
518	T	0.088040	0.146555	0.672564	0.092840	C
519	N	0.049671	0.119730	0.717689	0.112910	C
520	P	0.071748	0.101630	0.718224	0.108398	C
521	A	0.055226	0.164809	0.677686	0.102279	C
522	I	0.071156	0.265952	0.586957	0.075936	C
523	T	0.016515	0.528596	0.405203	0.049685	E
524	Y	0.009542	0.648613	0.287301	0.054544	E
525	A	0.116376	0.577198	0.265948	0.040479	E
526	Y	0.066067	0.606485	0.269159	0.058289	E
527	K	0.023105	0.467454	0.422770	0.086672	E
528	G	0.065135	0.165125	0.671872	0.097868	C
529	I	0.037875	0.217820	0.645720	0.098585	C
530	K	0.009853	0.364985	0.532457	0.092705	C
531	A	0.009030	0.480090	0.409681	0.101199	E
532	K	0.050042	0.438794	0.456401	0.054763	C
533	T	0.219023	0.449517	0.321686	0.009774	E
534	K	0.012278	0.547294	0.396595	0.043833	E
535	G	0.127760	0.552199	0.291969	0.028073	E
536	Y	0.094642	0.606099	0.235182	0.064077	E
537	E	0.131550	0.538767	0.285386	0.044297	E
538	A	0.095267	0.553267	0.341699	0.009766	E
539	E	0.157490	0.502550	0.337883	0.002077	E
540	I	0.229704	0.393363	0.346423	0.030511	E
541	S	0.332025	0.291088	0.348826	0.028061	C
542	G	0.370192	0.297642	0.322280	0.009886	H
543	E	0.456156	0.198414	0.319476	0.025953	H
544	L	0.388827	0.176153	0.350161	0.084859	H
545	A	0.509974	0.072960	0.348978	0.068088	H
546	P	0.439232	0.064344	0.419512	0.076911	H
547	G	0.377316	0.085731	0.492981	0.043972	C
548	W	0.223020	0.059361	0.653505	0.064114	C
549	Q	0.278071	0.230360	0.443402	0.048167	C
550	V	0.469578	0.341606	0.171222	0.017594	H
551	Q	0.390306	0.415736	0.172028	0.021930	E
552	A	0.304649	0.420272	0.242375	0.032703	E
553	G	0.208911	0.316142	0.395955	0.078993	C
554	Y	0.073473	0.450857	0.391541	0.084129	E
555	T	0.327668	0.399915	0.262559	0.009857	E
556	H	0.200983	0.336306	0.386321	0.076390	C
557	K	0.184229	0.352515	0.433465	0.029791	C
558	I	0.238392	0.431502	0.319834	0.010272	E
559	I	0.235649	0.311418	0.420845	0.032088	C
560	R	0.036398	0.442286	0.462025	0.059291	C
561	D	0.146800	0.376781	0.406249	0.070169	C
562	D	0.080649	0.263388	0.568215	0.087748	C
563	S	0.108397	0.122169	0.670527	0.098908	C
564	G	0.081502	0.085821	0.708349	0.124328	C
565	K	0.009838	0.203685	0.652059	0.134419	C
566	K	0.019432	0.362157	0.513696	0.104714	C
567	V	0.097923	0.309604	0.494370	0.098103	C
568	S	0.112676	0.186748	0.600717	0.099859	C
569	T	0.140343	0.169364	0.605811	0.084481	C
570	W	0.139724	0.279669	0.493983	0.086625	C
571	E	0.149457	0.203640	0.598946	0.047957	C
572	P	0.336715	0.187696	0.424917	0.050672	C
573	Q	0.524094	0.181455	0.277581	0.016870	H
574	D	0.509948	0.139045	0.337708	0.013298	H
575	Q	0.585983	0.257296	0.146830	0.009891	H
576	L	0.512787	0.241109	0.216421	0.029683	H
577	S	0.513827	0.214830	0.251033	0.020309	H
578	L	0.434840	0.166457	0.380862	0.017841	H
579	Y	0.452736	0.267321	0.232439	0.047504	H
580	T	0.185781	0.332131	0.460119	0.021969	C
581	S	0.129995	0.500369	0.343206	0.026431	E
582	Y	0.009789	0.425374	0.548957	0.015880	C
583	K	0.097657	0.499505	0.390907	0.011930	E
584	F	0.008194	0.293109	0.599974	0.098723	C
585	K	0.172678	0.162026	0.557167	0.108130	C
586	G	0.198225	0.198058	0.537162	0.066556	C
587	A	0.266865	0.195990	0.519795	0.017350	C
588	L	0.274343	0.097233	0.586348	0.042076	C
589	D	0.099343	0.184659	0.683191	0.032808	C
590	K	0.009765	0.308542	0.624885	0.056808	C
591	L	0.009528	0.367862	0.560024	0.062586	C
592	T	0.270551	0.360728	0.327482	0.041239	E
593	V	0.196554	0.364068	0.378376	0.061003	C
594	G	0.114106	0.318767	0.529235	0.037892	C
595	G	0.009766	0.472182	0.430918	0.087133	E
596	G	0.126291	0.379546	0.418409	0.075754	C
597	A	0.008340	0.580663	0.362333	0.048664	E
598	R	0.009053	0.699082	0.275958	0.015907	E
599	W	0.008322	0.631961	0.309463	0.050253	E
600	Q	0.096660	0.530162	0.320665	0.052513	E
601	G	0.009860	0.476212	0.447581	0.066348	E
602	K	0.129358	0.358969	0.472991	0.038682	C
603	S	0.044365	0.521052	0.385644	0.048940	E
604	W	0.067615	0.496743	0.388690	0.046952	E
605	Q	0.016297	0.410530	0.490964	0.082209	C
606	V	0.024909	0.398432	0.494527	0.082132	C
607	Y	0.045648	0.298865	0.564905	0.090582	C
608	N	0.050161	0.225442	0.631585	0.092812	C
609	N	0.031863	0.223532	0.647964	0.096642	C
610	P	0.045390	0.211890	0.656434	0.086287	C
611	R	0.056171	0.212094	0.652436	0.079299	C
612	S	0.031948	0.248673	0.645392	0.073986	C
613	R	0.009872	0.298532	0.601315	0.090280	C
614	W	0.047592	0.326425	0.543762	0.082221	C
615	E	0.007244	0.389784	0.520520	0.082451	C
616	K	0.009474	0.512242	0.401841	0.076443	E
617	F	0.009013	0.533429	0.406613	0.050946	E
618	S	0.009047	0.476771	0.455839	0.058343	E
619	Q	0.008958	0.474854	0.432982	0.083206	E
620	E	0.012952	0.187981	0.704968	0.094099	C
621	D	0.126234	0.260575	0.488460	0.124730	C
622	Y	0.101068	0.553614	0.292286	0.053032	E
623	W	0.082526	0.625035	0.266969	0.025470	E
624	L	0.263255	0.558349	0.151165	0.027230	E
625	V	0.202168	0.480539	0.268670	0.048623	E
626	D	0.374085	0.397101	0.219316	0.009498	E
627	L	0.392377	0.285719	0.312096	0.009807	H
628	A	0.299900	0.364950	0.304390	0.030760	E
629	R	0.232892	0.349208	0.376375	0.041526	C
630	Y	0.250290	0.168698	0.550868	0.030144	C
631	Q	0.310241	0.302796	0.351878	0.035085	C
632	I	0.228585	0.141544	0.576732	0.053140	C
633	T	0.245881	0.006266	0.696379	0.051474	C
634	D	0.270907	0.040194	0.644570	0.044329	C
635	K	0.244043	0.034504	0.684721	0.036733	C
636	L	0.009697	0.373527	0.564292	0.052483	C
637	S	0.215910	0.454466	0.298699	0.030924	E
638	A	0.273881	0.529826	0.186567	0.009726	E
639	S	0.242389	0.670971	0.079253	0.007386	E
640	V	0.137648	0.668488	0.151809	0.042054	E
641	N	0.266236	0.415557	0.296029	0.022179	E
642	V	0.304209	0.311357	0.381240	0.003194	C
643	N	0.274623	0.168744	0.531150	0.025484	C
644	N	0.302821	0.170645	0.502277	0.024257	C
645	V	0.135896	0.142687	0.681078	0.040339	C
646	F	0.156378	0.105292	0.691149	0.047181	C
647	D	0.183491	0.138588	0.638934	0.038987	C
648	K	0.294522	0.195825	0.484425	0.025228	C
649	T	0.265590	0.292582	0.410277	0.031552	C
650	Y	0.265024	0.342664	0.371077	0.021235	C
651	Y	0.230922	0.465324	0.285025	0.018728	E
652	T	0.261183	0.462827	0.256936	0.019054	E
653	N	0.118605	0.501000	0.342546	0.037849	E
654	I	0.152097	0.447610	0.378836	0.021456	E
655	G	0.221090	0.315979	0.432880	0.030051	C
656	F	0.176388	0.319819	0.476078	0.027716	C
657	Y	0.183080	0.251812	0.519482	0.045626	C
658	T	0.151347	0.273769	0.553712	0.021172	C
659	S	0.126154	0.314784	0.508488	0.050573	C
660	A	0.154075	0.348086	0.451189	0.046650	C
661	S	0.099955	0.389258	0.451967	0.058820	C
662	Y	0.130201	0.394545	0.412897	0.062357	C
663	G	0.124205	0.283113	0.514678	0.078004	C
664	D	0.061870	0.232807	0.610514	0.094809	C
665	P	0.094218	0.182847	0.624027	0.098908	C
666	R	0.157193	0.122808	0.610749	0.109250	C
667	N	0.150014	0.199906	0.551036	0.099044	C
668	L	0.182031	0.189828	0.550028	0.078113	C
669	F	0.189760	0.168056	0.552478	0.089706	C
670	S	0.173702	0.126329	0.608372	0.091596	C
671	T	0.169884	0.084142	0.628153	0.117821	C
672	R	0.063306	0.131418	0.672961	0.132315	C
673	W	0.082671	0.190159	0.615232	0.111938	C
674	D	0.060470	0.184060	0.641397	0.114073	C
675	F	0.054133	0.173162	0.652406	0.120298	C
676	A	0.076890	0.150017	0.647662	0.125430	C
677	T	0.071398	0.229261	0.588020	0.111321	C
678	I	0.025108	0.219877	0.633146	0.121869	C
679	T	0.059181	0.195944	0.609262	0.135614	C
680	S	0.009378	0.247633	0.600030	0.142959	C
681	N	0.009946	0.208955	0.636838	0.144261	C
682	Q	0.005861	0.223607	0.627728	0.142804	C
683	L	0.007823	0.211009	0.633451	0.147717	C
684	G	0.021159	0.173122	0.650880	0.154839	C
685	T	0.009695	0.248270	0.597364	0.144671	C
686	I	0.009119	0.304946	0.571733	0.114202	C
687	T	0.009488	0.355420	0.512661	0.122430	C
688	E	0.083205	0.216805	0.566682	0.133309	C
689	D	0.009600	0.222552	0.613044	0.154805	C
690	S	0.009746	0.300029	0.579126	0.111099	C
691	G	0.004380	0.338917	0.536890	0.119813	C
692	S	0.098111	0.389482	0.410383	0.102023	C
693	Y	0.009508	0.426348	0.471719	0.092425	C
694	T	0.069029	0.370736	0.443016	0.117218	C
695	P	0.009701	0.293781	0.573591	0.122927	C
696	G	0.004208	0.258756	0.607292	0.129745	C
697	T	0.021128	0.330419	0.563364	0.085089	C
698	I	0.169016	0.363375	0.453937	0.013672	C
699	A	0.125824	0.452853	0.378729	0.042594	E
700	T	0.352214	0.280450	0.344373	0.022963	H
701	A	0.200727	0.267863	0.468247	0.063163	C
702	T	0.268848	0.135500	0.508889	0.086763	C
703	R	0.202019	0.101408	0.648314	0.048260	C
704	L	0.286018	0.076421	0.583137	0.054423	C
705	V	0.096236	0.257257	0.587486	0.059022	C
706	L	0.119814	0.078835	0.675099	0.126252	C
707	T	0.106079	0.192999	0.561231	0.139691	C
708	P	0.268724	0.242792	0.367745	0.120739	C
709	R	0.299868	0.206426	0.375333	0.118373	C
710	E	0.218153	0.208530	0.488945	0.084373	C
711	T	0.290540	0.045736	0.589127	0.074597	C
712	P	0.023733	0.203796	0.633751	0.138721	C
713	Q	0.089169	0.310119	0.511360	0.089352	C
714	S	0.159705	0.346638	0.407217	0.086440	C
715	I	0.276125	0.412324	0.288788	0.022762	E
716	T	0.197553	0.421692	0.352600	0.028155	E
717	V	0.223969	0.313783	0.405021	0.057227	C
718	V	0.146856	0.423537	0.390839	0.038769	E
719	T	0.342462	0.253704	0.373696	0.030137	C
720	R	0.577667	0.139056	0.247515	0.035762	H
721	Q	0.592123	0.091572	0.266885	0.049420	H
722	N	0.552273	0.048361	0.385995	0.013371	H
723	D	0.623974	0.010062	0.320857	0.045107	H
724	D	0.490121	0.082622	0.374458	0.052800	H
725	F	0.369690	0.009742	0.568856	0.051712	C
726	G	0.135016	0.009546	0.799550	0.055888	C
727	L	0.193889	0.073713	0.684290	0.048108	C
728	N	0.273928	0.167311	0.493723	0.065039	C
729	N	0.278575	0.138734	0.517581	0.065110	C
730	I	0.553033	0.114871	0.293377	0.038719	H
731	D	0.667067	0.152097	0.163916	0.016919	H
732	D	0.730623	0.042221	0.217133	0.010023	H
733	V	0.639123	0.128054	0.204053	0.028771	H
734	R	0.357556	0.094880	0.495897	0.051668	C
735	H	0.328267	0.057682	0.557755	0.056296	C
736	T	0.294793	0.187190	0.470314	0.047703	C
737	P	0.124831	0.113553	0.671717	0.089899	C
738	G	0.009617	0.157255	0.718141	0.114987	C
739	I	0.009837	0.519700	0.412241	0.058221	E
740	T	0.009219	0.530952	0.400559	0.059270	E
741	V	0.026162	0.590159	0.358207	0.025472	E
742	S	0.075520	0.476600	0.392105	0.055775	E
743	A	0.009892	0.399452	0.525335	0.065321	C
744	Y	0.035921	0.374229	0.495031	0.094819	C
745	D	0.110604	0.227646	0.566421	0.095329	C
746	T	0.064858	0.129515	0.706308	0.099319	C
747	D	0.009634	0.143944	0.725949	0.120474	C
748	R	0.041144	0.159233	0.690702	0.108921	C
749	N	0.065085	0.259455	0.585826	0.089634	C
750	N	0.008851	0.479312	0.437206	0.074631	E
751	Y	0.015845	0.614861	0.303398	0.065895	E
752	Y	0.111345	0.636287	0.229200	0.023168	E
753	A	0.092434	0.656074	0.241605	0.009887	E
754	R	0.009888	0.421511	0.456420	0.112180	C
755	G	0.117797	0.233575	0.573938	0.074690	C
756	F	0.018319	0.390640	0.514125	0.076915	C
757	S	0.062953	0.286360	0.588236	0.062451	C
758	I	0.050827	0.248502	0.626486	0.074185	C
759	N	0.118261	0.245223	0.579952	0.056565	C
760	N	0.087131	0.363718	0.503241	0.045910	C
761	F	0.009584	0.506037	0.425248	0.059131	E
762	Q	0.103920	0.537848	0.329185	0.029047	E
763	Y	0.216846	0.361918	0.390745	0.030492	C
764	D	0.212985	0.240183	0.489829	0.057003	C
765	G	0.005241	0.183073	0.704421	0.107265	C
766	I	0.043235	0.240890	0.632434	0.083441	C
767	P	0.116001	0.091618	0.707752	0.084629	C
768	S	0.046402	0.220087	0.626630	0.106881	C
769	T	0.081324	0.152268	0.686025	0.080383	C
770	A	0.059648	0.123897	0.724650	0.091805	C
771	R	0.106380	0.101436	0.698478	0.093706	C
772	N	0.110583	0.154122	0.646595	0.088699	C
773	V	0.091845	0.194159	0.623967	0.090028	C
774	G	0.022567	0.237365	0.654516	0.085551	C
775	Y	0.009870	0.230796	0.664040	0.095294	C
776	S	0.054381	0.192717	0.648255	0.104647	C
777	A	0.015985	0.184660	0.693251	0.106105	C
778	G	0.018613	0.188999	0.700462	0.091925	C
779	N	0.039412	0.119354	0.755023	0.086210	C
780	T	0.009248	0.154679	0.764644	0.071429	C
781	L	0.059788	0.143568	0.719309	0.077336	C
782	S	0.120156	0.067563	0.722456	0.089825	C
783	D	0.396369	0.016383	0.543736	0.043513	C
784	A	0.249618	0.314283	0.389046	0.047054	C
785	I	0.172668	0.393377	0.356267	0.077688	E
786	Y	0.047146	0.371401	0.510151	0.071302	C
787	D	0.157017	0.296680	0.515086	0.031217	C
788	R	0.146479	0.482130	0.336852	0.034539	E
789	V	0.190001	0.498866	0.309713	0.001420	E
790	E	0.037891	0.641798	0.310426	0.009885	E
791	V	0.027463	0.693688	0.218283	0.060566	E
792	L	0.078037	0.586084	0.309888	0.025991	E
793	K	0.071255	0.432978	0.444312	0.051455	C
794	G	0.229408	0.113216	0.612148	0.045229	C
795	A	0.451098	0.080893	0.398242	0.069767	H
796	T	0.347500	0.148013	0.455690	0.048797	C
797	G	0.248324	0.138381	0.538232	0.075064	C
798	L	0.305415	0.216662	0.422847	0.055076	C
799	L	0.255275	0.316816	0.366943	0.060965	C
800	T	0.200478	0.297549	0.459764	0.042209	C
801	G	0.070673	0.401670	0.464766	0.062891	C
802	A	0.202934	0.218898	0.476861	0.101307	C
803	G	0.086777	0.258002	0.573439	0.081783	C
804	S	0.226431	0.129190	0.578468	0.065911	C
805	L	0.380337	0.039483	0.509647	0.070534	C
806	G	0.295128	0.258562	0.389841	0.056469	C
807	A	0.278942	0.425707	0.280739	0.014612	E
808	T	0.317464	0.530745	0.118150	0.033641	E
809	I	0.212769	0.600426	0.159334	0.027471	E
810	N	0.095083	0.600291	0.290509	0.014118	E
811	L	0.145457	0.477226	0.355478	0.021838	E
812	I	0.150018	0.531334	0.299029	0.019619	E
813	R	0.009460	0.405714	0.532811	0.052015	C
814	K	0.155175	0.223604	0.533226	0.087995	C
815	K	0.035449	0.225060	0.618335	0.121157	C
816	P	0.265755	0.126449	0.502050	0.105746	C
817	T	0.170412	0.099554	0.599142	0.130892	C
818	H	0.392081	0.088397	0.438004	0.081518	C
819	E	0.235862	0.132275	0.560680	0.071183	C
820	F	0.489377	0.062890	0.412298	0.035435	H
821	K	0.387701	0.349549	0.252930	0.009820	H
822	G	0.272767	0.352488	0.353507	0.021237	C
823	H	0.205697	0.459139	0.330252	0.004911	E
824	V	0.086129	0.638827	0.245815	0.029229	E
825	E	0.124697	0.590018	0.260737	0.024548	E
826	L	0.012094	0.668878	0.282842	0.036186	E
827	G	0.019654	0.553154	0.391598	0.035594	E
828	A	0.008969	0.596457	0.337333	0.057241	E
829	G	0.061746	0.291611	0.593642	0.053001	C
830	S	0.009606	0.325319	0.633811	0.031264	C
831	W	0.202545	0.087930	0.658973	0.050552	C
832	D	0.407362	0.008941	0.574755	0.008941	C
833	N	0.265593	0.154158	0.524068	0.056181	C
834	Y	0.009847	0.400515	0.559967	0.029671	C
835	R	0.158557	0.414810	0.386499	0.040134	E
836	S	0.117963	0.418701	0.425467	0.037868	C
837	E	0.042241	0.622791	0.315898	0.019070	E
838	L	0.064507	0.517822	0.393058	0.024613	E
839	D	0.158137	0.261888	0.545135	0.034839	C
840	V	0.009844	0.475769	0.461016	0.053371	E
841	S	0.199776	0.226503	0.514691	0.059030	C
842	G	0.207653	0.212013	0.528274	0.052060	C
843	P	0.236089	0.235713	0.444572	0.083626	C
844	L	0.128396	0.190568	0.576225	0.104810	C
845	T	0.247468	0.157123	0.502081	0.093328	C
846	E	0.366601	0.004644	0.582565	0.046189	C
847	S	0.273981	0.043985	0.625057	0.056977	C
848	G	0.195100	0.143475	0.640218	0.021206	C
849	N	0.213833	0.316603	0.418400	0.051164	C
850	V	0.071978	0.542667	0.326046	0.059310	E
851	R	0.132709	0.453338	0.362175	0.051778	E
852	G	0.316842	0.500906	0.164411	0.017841	E
853	R	0.306880	0.352932	0.311656	0.028532	E
854	A	0.259418	0.498390	0.198462	0.043730	E
855	V	0.355625	0.530306	0.105005	0.009065	E
856	A	0.075811	0.501214	0.392845	0.030129	E
857	A	0.291606	0.445187	0.250835	0.012372	E
858	Y	0.013804	0.515962	0.432787	0.037446	E
859	Q	0.130341	0.308500	0.516255	0.044905	C
860	D	0.082816	0.214668	0.632305	0.070211	C
861	K	0.047770	0.209438	0.666645	0.076146	C
862	H	0.080568	0.197601	0.655990	0.065841	C
863	S	0.236775	0.224898	0.468316	0.070012	C
864	F	0.103929	0.408190	0.390772	0.097109	E
865	D	0.117435	0.269233	0.542935	0.070398	C
866	H	0.153135	0.252224	0.501858	0.092782	C
867	Y	0.304930	0.182613	0.471379	0.041077	C
868	E	0.178204	0.203667	0.560379	0.057750	C
869	R	0.155494	0.238270	0.583898	0.022338	C
870	K	0.184053	0.160904	0.634271	0.020772	C
871	T	0.148558	0.220802	0.615764	0.014876	C
872	S	0.147993	0.313418	0.486885	0.051704	C
873	V	0.009790	0.638916	0.309809	0.041485	E
874	Y	0.103332	0.448517	0.375736	0.072416	E
875	Y	0.218515	0.372292	0.341194	0.067999	E
876	G	0.147560	0.498205	0.268123	0.086112	E
877	I	0.127191	0.549390	0.279565	0.043853	E
878	L	0.009554	0.581562	0.384607	0.024278	E
879	E	0.033642	0.650045	0.306614	0.009698	E
880	F	0.017973	0.551617	0.386644	0.043765	E
881	D	0.017776	0.440012	0.475283	0.066929	C
882	L	0.009742	0.349354	0.570072	0.070832	C
883	N	0.074151	0.182521	0.627901	0.115426	C
884	P	0.251769	0.171591	0.550272	0.026368	C
885	D	0.353328	0.171192	0.448698	0.026782	C
886	T	0.332667	0.268311	0.355812	0.043210	C
887	L	0.447301	0.407433	0.120910	0.024356	H
888	T	0.502925	0.403308	0.086256	0.007510	H
889	V	0.427973	0.332659	0.232290	0.007077	H
890	G	0.367464	0.288780	0.327345	0.016412	H
891	A	0.482883	0.279902	0.235277	0.001939	H
892	D	0.389934	0.440203	0.165025	0.004839	E
893	Y	0.335352	0.369896	0.281016	0.013736	E
894	Q	0.344185	0.342431	0.302777	0.010607	H
895	D	0.175093	0.344873	0.454759	0.025275	C
896	N	0.132152	0.196144	0.606603	0.065101	C
897	D	0.089652	0.118598	0.691714	0.100036	C
898	P	0.100984	0.136750	0.661664	0.100601	C
899	K	0.051917	0.135614	0.702756	0.109713	C
900	G	0.108319	0.109699	0.674280	0.107702	C
901	S	0.009607	0.230471	0.652761	0.107161	C
902	G	0.071679	0.241076	0.593009	0.094236	C
903	W	0.091076	0.268319	0.560671	0.079933	C
904	S	0.073717	0.234846	0.611805	0.079632	C
905	G	0.009111	0.337289	0.581432	0.072168	C
906	S	0.041244	0.412241	0.465716	0.080799	C
907	F	0.046956	0.330755	0.521604	0.100685	C
908	P	0.009394	0.542665	0.376825	0.071116	E
909	L	0.009234	0.484311	0.411548	0.094906	E
910	F	0.009007	0.491338	0.408413	0.091242	E
