> rkretsch_359017549
#rid	resname	Helix	Beta	Coil	PPII	ss_kind
1	S	0.070007	0.030013	0.838779	0.061201	C
2	V	0.149778	0.011602	0.749118	0.089502	C
3	I	0.068424	0.154396	0.659474	0.117707	C
4	A	0.213811	0.055296	0.603714	0.127179	C
5	K	0.178687	0.100703	0.614013	0.106597	C
6	Q	0.184936	0.115303	0.603249	0.096513	C
7	M	0.132622	0.258254	0.501893	0.107231	C
8	T	0.009885	0.478691	0.432783	0.078640	E
9	Y	0.009491	0.667818	0.256486	0.066206	E
10	K	0.009173	0.821548	0.119757	0.049521	E
11	V	0.009117	0.780336	0.156648	0.053899	E
12	Y	0.009586	0.910027	0.058073	0.022313	E
13	M	0.009285	0.787089	0.173642	0.029984	E
14	S	0.089569	0.706719	0.171516	0.032196	E
15	G	0.009574	0.608862	0.298585	0.082979	E
16	T	0.017803	0.428521	0.468268	0.085408	C
17	V	0.009529	0.431524	0.492778	0.066170	C
18	N	0.071489	0.291492	0.567702	0.069318	C
19	G	0.029913	0.306122	0.559929	0.104037	C
20	H	0.052681	0.379419	0.489770	0.078130	C
21	Y	0.040750	0.465382	0.381334	0.112535	E
22	F	0.008367	0.692171	0.257763	0.041700	E
23	E	0.001875	0.951261	0.015687	0.031176	E
24	V	0.009258	0.868939	0.088751	0.033052	E
25	E	0.013588	0.878969	0.069324	0.038119	E
26	G	0.008836	0.664363	0.236984	0.089817	E
27	D	0.009702	0.602037	0.270035	0.118226	E
28	G	0.009780	0.515483	0.387714	0.087023	E
29	K	0.013506	0.475730	0.378335	0.132429	E
30	G	0.120123	0.355018	0.413407	0.111452	C
31	K	0.009620	0.425397	0.444824	0.120160	C
32	P	0.070526	0.266478	0.528336	0.134660	C
33	Y	0.033950	0.271973	0.545643	0.148434	C
34	E	0.020234	0.240349	0.609415	0.130001	C
35	G	0.150980	0.325932	0.415486	0.107602	C
36	E	0.009711	0.578530	0.333429	0.078330	E
37	Q	0.082617	0.621004	0.249387	0.046992	E
38	T	0.086128	0.613420	0.242963	0.057489	E
39	V	0.000996	0.738844	0.201015	0.059145	E
40	K	0.009556	0.683700	0.251810	0.054934	E
41	L	0.009317	0.780166	0.164469	0.046048	E
42	T	0.062110	0.859214	0.052301	0.026374	E
43	V	0.011664	0.732990	0.212651	0.042695	E
44	T	0.012761	0.584303	0.326160	0.076775	E
45	K	0.092919	0.320104	0.500674	0.086303	C
46	G	0.086052	0.247581	0.528954	0.137412	C
47	G	0.009834	0.307310	0.528619	0.154238	C
48	P	0.160223	0.257278	0.462358	0.120141	C
49	L	0.009417	0.296534	0.559630	0.134419	C
50	P	0.009551	0.330353	0.555728	0.104368	C
51	F	0.108797	0.379510	0.417044	0.094650	C
52	A	0.041935	0.397575	0.469969	0.090521	C
53	W	0.248378	0.366692	0.319030	0.065900	E
54	D	0.452477	0.171434	0.331553	0.044535	H
55	I	0.352674	0.276117	0.314839	0.056369	H
56	L	0.285680	0.369172	0.299590	0.045557	E
57	S	0.267105	0.247109	0.438835	0.046951	C
58	P	0.361716	0.169261	0.412871	0.056152	C
59	Q	0.250524	0.258646	0.454249	0.036581	C
60	L	0.223152	0.319033	0.410094	0.047722	C
61	S	0.122203	0.371578	0.452512	0.053707	C
62	I	0.200981	0.371792	0.357181	0.070046	E
63	P	0.162401	0.530619	0.281975	0.025005	E
64	F	0.184862	0.488092	0.293269	0.033778	E
65	T	0.123486	0.421308	0.386651	0.068555	E
66	K	0.115060	0.378785	0.402752	0.103403	C
67	Y	0.023164	0.323294	0.545266	0.108276	C
68	P	0.111605	0.242179	0.531815	0.114401	C
69	E	0.251443	0.085064	0.580163	0.083330	C
70	D	0.242454	0.009536	0.660987	0.087023	C
71	I	0.217680	0.058024	0.615329	0.108968	C
72	P	0.342652	0.114249	0.467228	0.075872	C
73	D	0.563438	0.012726	0.367663	0.056173	H
74	Y	0.659729	0.079349	0.239793	0.021129	H
75	F	0.719277	0.066916	0.173640	0.040167	H
76	K	0.586862	0.116843	0.254971	0.041325	H
77	Q	0.511551	0.082116	0.351561	0.054772	H
78	S	0.383585	0.205397	0.360877	0.050141	H
79	F	0.209449	0.170980	0.545642	0.073930	C
80	P	0.189377	0.123277	0.582362	0.104984	C
81	E	0.168039	0.107971	0.577247	0.146743	C
82	G	0.137926	0.240700	0.503265	0.118109	C
83	Y	0.009703	0.311418	0.583084	0.095795	C
84	T	0.098376	0.515778	0.313089	0.072757	E
85	W	0.009561	0.633415	0.281428	0.075597	E
86	E	0.009587	0.769212	0.193794	0.027407	E
87	R	0.008451	0.657788	0.300441	0.033320	E
88	S	0.009516	0.774668	0.168524	0.047292	E
89	M	0.009801	0.707255	0.224136	0.058808	E
90	N	0.009752	0.671388	0.248657	0.070203	E
91	F	0.038601	0.490021	0.372117	0.099261	E
92	E	0.150639	0.330866	0.427625	0.090870	C
93	D	0.122569	0.310549	0.477647	0.089234	C
94	G	0.096388	0.271015	0.556566	0.076031	C
95	A	0.023530	0.469233	0.430672	0.076566	E
96	V	0.009523	0.674647	0.247474	0.068356	E
97	C	0.028157	0.783300	0.162673	0.025869	E
98	T	0.009693	0.787635	0.158893	0.043780	E
99	V	0.009143	0.721971	0.227951	0.040935	E
100	S	0.063956	0.706719	0.178796	0.050529	E
101	N	0.019680	0.626299	0.309809	0.044212	E
102	D	0.020779	0.669391	0.288948	0.020882	E
103	S	0.009805	0.740354	0.220733	0.029109	E
104	S	0.009844	0.796604	0.164267	0.029284	E
105	I	0.008796	0.688270	0.245312	0.057622	E
106	Q	0.087284	0.581352	0.288078	0.043286	E
107	G	0.111701	0.419709	0.395822	0.072768	E
108	N	0.009831	0.300822	0.596882	0.092465	C
109	C	0.009811	0.678490	0.244665	0.067034	E
110	F	0.009319	0.669766	0.260823	0.060092	E
111	I	0.008684	0.670901	0.263286	0.057129	E
112	Y	0.023575	0.780239	0.180130	0.016055	E
113	N	0.003103	0.840783	0.147633	0.008481	E
114	V	0.009059	0.815055	0.158664	0.017222	E
115	K	0.009105	0.809835	0.149297	0.031763	E
116	I	0.009082	0.750696	0.196975	0.043247	E
117	S	0.009292	0.679307	0.273215	0.038186	E
118	G	0.009821	0.592583	0.345334	0.052262	E
119	E	0.055236	0.481650	0.377193	0.085920	E
120	N	0.093501	0.344287	0.487503	0.074709	C
121	F	0.056665	0.179041	0.638460	0.125834	C
122	P	0.159807	0.082551	0.628701	0.128942	C
123	P	0.101113	0.100571	0.678758	0.119558	C
124	N	0.038287	0.182964	0.665588	0.113161	C
125	G	0.134076	0.105343	0.632390	0.128191	C
126	P	0.150888	0.124406	0.599928	0.124779	C
127	V	0.073942	0.261164	0.563081	0.101813	C
128	M	0.059885	0.267253	0.557843	0.115020	C
129	Q	0.125891	0.171814	0.579459	0.122837	C
130	K	0.225599	0.156795	0.520438	0.097169	C
131	K	0.196136	0.294180	0.426792	0.082891	C
132	T	0.166662	0.394738	0.345411	0.093188	E
133	Q	0.171934	0.335755	0.393630	0.098680	C
134	G	0.079658	0.310337	0.495132	0.114873	C
135	W	0.130168	0.384137	0.378770	0.106925	E
136	E	0.075551	0.356016	0.447026	0.121407	C
137	P	0.156656	0.228804	0.516656	0.097885	C
138	S	0.240463	0.195928	0.492699	0.070910	C
139	T	0.240100	0.212912	0.464755	0.082232	C
140	E	0.117842	0.372737	0.432852	0.076570	C
141	R	0.086863	0.554483	0.277492	0.081162	E
142	L	0.049236	0.724298	0.169880	0.056585	E
143	F	0.009282	0.670254	0.243756	0.076708	E
144	A	0.128368	0.433912	0.382856	0.054864	E
145	R	0.084157	0.321697	0.508760	0.085386	C
146	D	0.069733	0.240693	0.584349	0.105226	C
147	G	0.103963	0.179184	0.631936	0.084917	C
148	M	0.041596	0.350754	0.488195	0.119455	C
149	L	0.009850	0.583894	0.350883	0.055373	E
150	I	0.026979	0.619388	0.278224	0.075409	E
151	G	0.144993	0.550682	0.267086	0.037240	E
152	N	0.132561	0.530007	0.262840	0.074591	E
153	D	0.205798	0.474753	0.258035	0.061414	E
154	Y	0.293875	0.513810	0.156674	0.035641	E
155	M	0.170869	0.532232	0.248509	0.048390	E
156	A	0.085801	0.699285	0.193630	0.021283	E
157	L	0.009370	0.644479	0.301514	0.044637	E
158	K	0.009598	0.653690	0.276714	0.059997	E
159	L	0.009358	0.522070	0.381921	0.086652	E
160	E	0.053902	0.342410	0.493199	0.110488	C
161	G	0.053542	0.273175	0.525132	0.148151	C
162	G	0.121184	0.219242	0.535073	0.124501	C
163	G	0.009821	0.377399	0.488260	0.124519	C
164	H	0.009665	0.515129	0.370425	0.104781	E
165	Y	0.008333	0.741056	0.201530	0.049081	E
166	L	0.008501	0.761530	0.183760	0.046210	E
167	C	0.009590	0.796265	0.123178	0.070967	E
168	E	0.008950	0.688383	0.237503	0.065164	E
169	F	0.009165	0.714310	0.229168	0.047357	E
170	K	0.116490	0.598124	0.239234	0.046152	E
171	S	0.073783	0.583241	0.275628	0.067349	E
172	T	0.117426	0.545502	0.293488	0.043584	E
173	Y	0.239686	0.374271	0.337666	0.048376	E
174	K	0.123219	0.435537	0.378488	0.062755	E
175	A	0.155699	0.145042	0.584210	0.115049	C
176	K	0.135945	0.116126	0.627115	0.120814	C
177	K	0.109724	0.142479	0.598919	0.148878	C
178	P	0.040509	0.199459	0.597249	0.162783	C
179	V	0.009673	0.331862	0.498186	0.160279	C
180	R	0.009571	0.217204	0.595430	0.177796	C
181	M	0.059904	0.176210	0.588619	0.175267	C
182	P	0.090560	0.199550	0.531484	0.178406	C
183	G	0.138244	0.198512	0.518284	0.144959	C
184	R	0.288064	0.122502	0.500452	0.088983	C
185	H	0.221903	0.195659	0.489562	0.092876	C
186	E	0.178458	0.377878	0.391611	0.052054	C
187	I	0.243579	0.441171	0.266025	0.049224	E
188	D	0.108711	0.434558	0.406941	0.049789	E
189	R	0.042521	0.559214	0.376288	0.021977	E
190	K	0.107347	0.573602	0.280209	0.038842	E
191	L	0.009673	0.600827	0.352013	0.037486	E
192	D	0.009866	0.771891	0.178735	0.039508	E
193	V	0.009317	0.663574	0.248724	0.078385	E
194	T	0.064998	0.522432	0.332958	0.079612	E
195	S	0.113679	0.360218	0.431482	0.094621	C
196	H	0.131156	0.212369	0.548187	0.108288	C
197	N	0.153297	0.172554	0.570400	0.103749	C
198	R	0.174559	0.128742	0.593114	0.103585	C
199	D	0.160730	0.158251	0.582471	0.098548	C
200	Y	0.185660	0.268525	0.478044	0.067771	C
201	T	0.148401	0.348028	0.422386	0.081184	C
202	S	0.147161	0.529512	0.262337	0.060990	E
203	V	0.224846	0.524416	0.222533	0.028204	E
204	E	0.297312	0.637520	0.061904	0.003264	E
205	Q	0.377575	0.581815	0.020354	0.020256	E
206	C	0.488612	0.375256	0.117040	0.019092	H
207	E	0.559307	0.292780	0.123703	0.024209	H
208	I	0.504956	0.261159	0.194145	0.039739	H
209	A	0.452063	0.383217	0.130864	0.033856	H
210	I	0.488290	0.313859	0.140907	0.056944	H
211	A	0.381332	0.344980	0.201869	0.071819	H
212	R	0.325163	0.271320	0.357745	0.045773	C
213	H	0.184391	0.227174	0.505465	0.082969	C
214	S	0.199109	0.226775	0.513022	0.061094	C
215	L	0.149462	0.254750	0.521836	0.073952	C
216	S	0.127416	0.212476	0.579520	0.080588	C
217	V	0.112490	0.196314	0.607819	0.083377	C
218	I	0.087870	0.203636	0.590847	0.117647	C
219	A	0.122745	0.141155	0.601389	0.134711	C
220	K	0.137943	0.104890	0.626336	0.130830	C
221	Q	0.137740	0.157443	0.596492	0.108325	C
222	M	0.100959	0.268573	0.503147	0.127321	C
223	T	0.009693	0.465298	0.428289	0.096721	E
224	Y	0.009505	0.677363	0.238784	0.074348	E
225	K	0.009169	0.802997	0.126399	0.061435	E
226	V	0.009244	0.761927	0.174675	0.054154	E
227	Y	0.009624	0.901045	0.064616	0.024715	E
228	M	0.009320	0.784143	0.176608	0.029929	E
229	S	0.103476	0.698922	0.165341	0.032261	E
230	G	0.009607	0.608358	0.295766	0.086270	E
231	T	0.029782	0.421976	0.462747	0.085495	C
232	V	0.009583	0.431971	0.487400	0.071046	C
233	N	0.073906	0.292000	0.562731	0.071363	C
234	G	0.040812	0.325813	0.535048	0.098327	C
235	H	0.052154	0.432672	0.446990	0.068184	C
236	Y	0.026176	0.452318	0.407950	0.113556	E
237	F	0.008705	0.701493	0.249804	0.039997	E
238	E	0.022607	0.925391	0.022789	0.029213	E
239	V	0.009189	0.868262	0.087810	0.034738	E
240	E	0.008283	0.850205	0.098432	0.043081	E
241	G	0.008847	0.659689	0.237028	0.094436	E
242	D	0.009643	0.612695	0.259569	0.118093	E
243	G	0.009708	0.520075	0.381825	0.088392	E
244	K	0.010777	0.468820	0.388147	0.132255	E
245	G	0.118850	0.348825	0.422536	0.109789	C
246	K	0.009601	0.418819	0.454039	0.117541	C
247	P	0.078621	0.261048	0.529416	0.130914	C
248	Y	0.038304	0.273029	0.543763	0.144904	C
249	E	0.038944	0.235910	0.597088	0.128058	C
250	G	0.154853	0.329752	0.409786	0.105609	C
251	E	0.009815	0.577831	0.333691	0.078662	E
252	Q	0.090706	0.614881	0.249542	0.044871	E
253	T	0.089837	0.606604	0.244577	0.058983	E
254	V	0.006797	0.738882	0.197700	0.056621	E
255	K	0.009599	0.679719	0.253906	0.056776	E
256	L	0.009371	0.783629	0.161860	0.045140	E
257	T	0.064733	0.856505	0.053177	0.025585	E
258	V	0.012344	0.733423	0.213204	0.041029	E
259	T	0.013455	0.586353	0.324905	0.075288	E
260	K	0.094052	0.319053	0.500187	0.086708	C
261	G	0.101492	0.247296	0.518608	0.132605	C
262	G	0.009649	0.302020	0.533774	0.154556	C
263	P	0.149487	0.264493	0.469013	0.117007	C
264	L	0.009291	0.290268	0.563506	0.136935	C
265	P	0.009596	0.322666	0.558937	0.108801	C
266	F	0.111470	0.373440	0.420845	0.094245	C
267	A	0.045658	0.394439	0.470156	0.089747	C
268	W	0.243817	0.369678	0.320313	0.066192	E
269	D	0.436916	0.182128	0.335325	0.045631	H
270	I	0.345008	0.290292	0.308532	0.056168	H
271	L	0.269343	0.384011	0.299591	0.047054	E
272	S	0.248172	0.256121	0.447130	0.048576	C
273	P	0.351006	0.186258	0.411163	0.051573	C
274	Q	0.246248	0.260837	0.457895	0.035020	C
275	L	0.220189	0.320826	0.411520	0.047465	C
276	S	0.121263	0.380461	0.444934	0.053342	C
277	I	0.204739	0.373601	0.352875	0.068786	E
278	P	0.175961	0.513040	0.286504	0.024495	E
279	F	0.190421	0.482366	0.292420	0.034793	E
280	T	0.122658	0.417248	0.391954	0.068139	E
281	K	0.121461	0.373480	0.401962	0.103097	C
282	Y	0.026610	0.320416	0.544420	0.108555	C
283	P	0.112500	0.239350	0.534392	0.113757	C
284	E	0.248974	0.088115	0.579563	0.083347	C
285	D	0.246612	0.009487	0.657177	0.086724	C
286	I	0.221345	0.055942	0.613382	0.109331	C
287	P	0.346384	0.108112	0.468240	0.077264	C
288	D	0.529432	0.015487	0.390665	0.064416	H
289	Y	0.659886	0.070633	0.248867	0.020614	H
290	F	0.700517	0.067876	0.189591	0.042017	H
291	K	0.601251	0.127934	0.234834	0.035982	H
292	Q	0.523625	0.086470	0.333446	0.056459	H
293	S	0.389264	0.201768	0.356177	0.052791	H
294	F	0.208231	0.175883	0.542263	0.073623	C
295	P	0.186302	0.125180	0.584047	0.104471	C
296	E	0.162313	0.110817	0.580534	0.146336	C
297	G	0.137557	0.236704	0.507880	0.117859	C
298	Y	0.009688	0.306296	0.588391	0.095625	C
299	T	0.090822	0.517360	0.318091	0.073727	E
300	W	0.009545	0.638101	0.277657	0.074696	E
301	E	0.009571	0.770061	0.192341	0.028027	E
302	R	0.008421	0.654605	0.302862	0.034112	E
303	S	0.009492	0.770532	0.172031	0.047945	E
304	M	0.009787	0.701260	0.226581	0.062372	E
305	N	0.009799	0.661762	0.255111	0.073328	E
306	F	0.040984	0.476719	0.373414	0.108882	E
307	E	0.143147	0.330618	0.431585	0.094650	C
308	D	0.136085	0.328005	0.448547	0.087363	C
309	G	0.151947	0.258879	0.517635	0.071538	C
310	A	0.026756	0.477887	0.420363	0.074995	E
311	V	0.009762	0.692057	0.233363	0.064818	E
312	C	0.038669	0.758845	0.178456	0.024029	E
313	T	0.009598	0.771076	0.176946	0.042380	E
314	V	0.009491	0.707975	0.239656	0.042878	E
315	S	0.085913	0.657969	0.201167	0.054951	E
316	N	0.027749	0.612064	0.311804	0.048383	E
317	D	0.017615	0.666056	0.286471	0.029858	E
318	S	0.009768	0.745195	0.212692	0.032346	E
319	S	0.009702	0.786662	0.173948	0.029688	E
320	I	0.008718	0.683605	0.251291	0.056386	E
321	Q	0.078037	0.566927	0.308807	0.046229	E
322	G	0.069308	0.416177	0.437487	0.077028	C
323	N	0.009720	0.318092	0.582536	0.089653	C
324	C	0.035379	0.644735	0.255967	0.063919	E
325	F	0.009407	0.660593	0.267006	0.062994	E
326	I	0.008552	0.643330	0.282692	0.065426	E
327	Y	0.009884	0.762258	0.199108	0.028750	E
328	N	0.009843	0.816548	0.162090	0.011519	E
329	V	0.009219	0.813771	0.159334	0.017676	E
330	K	0.009134	0.822550	0.138277	0.030039	E
331	I	0.009070	0.748857	0.200412	0.041661	E
332	S	0.009281	0.677355	0.278409	0.034955	E
333	G	0.009888	0.587137	0.350693	0.052281	E
334	E	0.031254	0.493124	0.389434	0.086188	E
335	N	0.082783	0.358387	0.485745	0.073085	C
336	F	0.065054	0.172325	0.633602	0.129019	C
337	P	0.172528	0.079029	0.618569	0.129873	C
338	P	0.078415	0.117650	0.685709	0.118226	C
339	N	0.060300	0.186628	0.644385	0.108687	C
340	G	0.155375	0.098303	0.623121	0.123200	C
341	P	0.178989	0.119030	0.584358	0.117623	C
342	V	0.111197	0.242082	0.548132	0.098589	C
343	M	0.103677	0.221552	0.567614	0.107157	C
344	Q	0.166002	0.130268	0.592870	0.110860	C
345	K	0.243842	0.133731	0.534213	0.088214	C
346	K	0.217448	0.267556	0.442686	0.072309	C
347	T	0.208824	0.348969	0.361356	0.080852	C
348	Q	0.202562	0.285955	0.427736	0.083748	C
349	G	0.115269	0.317844	0.459324	0.107563	C
350	W	0.122754	0.444424	0.335622	0.097200	E
351	E	0.054517	0.388240	0.441591	0.115652	C
352	P	0.176644	0.248907	0.478822	0.095627	C
353	S	0.249691	0.187889	0.497193	0.065227	C
354	T	0.281727	0.187118	0.453805	0.077349	C
355	E	0.146000	0.413802	0.373730	0.066468	E
356	R	0.109920	0.575022	0.241697	0.073360	E
357	L	0.044143	0.702496	0.191776	0.061585	E
358	F	0.009520	0.689642	0.226171	0.074667	E
359	A	0.131679	0.453193	0.360139	0.054989	E
360	R	0.109085	0.332887	0.475816	0.082211	C
361	D	0.057077	0.251938	0.587528	0.103457	C
362	G	0.109824	0.185780	0.615650	0.088747	C
363	M	0.054055	0.331804	0.498406	0.115734	C
364	L	0.009566	0.601141	0.339699	0.049594	E
365	I	0.035534	0.626621	0.264527	0.073318	E
366	G	0.141143	0.573998	0.250682	0.034177	E
367	N	0.092542	0.567448	0.266258	0.073752	E
368	D	0.177171	0.528768	0.241801	0.052260	E
369	Y	0.291973	0.520009	0.154086	0.033933	E
370	M	0.201197	0.510466	0.250772	0.037565	E
371	A	0.144727	0.644722	0.194602	0.015949	E
372	L	0.033171	0.628566	0.296881	0.041382	E
373	K	0.068413	0.615823	0.259282	0.056483	E
374	L	0.024852	0.505099	0.400200	0.069849	E
375	E	0.126345	0.320810	0.484313	0.068532	C
376	G	0.055992	0.278589	0.545917	0.119501	C
377	G	0.114460	0.180718	0.584881	0.119941	C
378	G	0.009772	0.399929	0.494175	0.096125	C
379	H	0.009459	0.520527	0.371483	0.098530	E
380	Y	0.008902	0.669809	0.258394	0.062895	E
381	L	0.008575	0.755415	0.189266	0.046744	E
382	C	0.008079	0.761507	0.149542	0.080872	E
383	E	0.009348	0.668800	0.253443	0.068410	E
384	F	0.009831	0.696886	0.241959	0.051324	E
385	K	0.105417	0.550695	0.286255	0.057633	E
386	S	0.107453	0.527195	0.288075	0.077277	E
387	T	0.181842	0.414167	0.354264	0.049728	E
388	Y	0.267195	0.337301	0.350639	0.044865	C
389	K	0.079176	0.401150	0.468112	0.051562	C
390	A	0.177322	0.142721	0.568058	0.111899	C
391	K	0.153929	0.088549	0.639345	0.118176	C
392	K	0.078193	0.167106	0.609375	0.145327	C
393	P	0.020857	0.273551	0.542755	0.162836	C
394	V	0.009440	0.412857	0.433317	0.144385	C
395	R	0.009302	0.340707	0.496847	0.153145	C
396	M	0.009787	0.244929	0.556126	0.189158	C
397	P	0.000990	0.239347	0.567452	0.192212	C
398	G	0.158239	0.204553	0.484298	0.152911	C
399	R	0.336182	0.123380	0.460547	0.079891	C
400	H	0.193716	0.224930	0.488507	0.092847	C
401	E	0.152743	0.449637	0.344697	0.052923	E
402	I	0.219979	0.407542	0.316043	0.056435	E
403	D	0.085096	0.501033	0.363730	0.050141	E
404	R	0.034968	0.551168	0.398021	0.015843	E
405	K	0.124108	0.505179	0.326177	0.044536	E
406	L	0.009836	0.496777	0.446726	0.046661	E
407	D	0.045103	0.562389	0.324061	0.068448	E
408	V	0.021558	0.536619	0.346604	0.095219	E
409	T	0.068451	0.415213	0.412809	0.103526	E
410	S	0.126633	0.314086	0.449549	0.109733	C
411	H	0.172377	0.225684	0.484624	0.117314	C
412	N	0.132039	0.212288	0.550325	0.105348	C
413	R	0.122329	0.183934	0.597348	0.096389	C
414	D	0.192488	0.154748	0.570740	0.082024	C
415	Y	0.221312	0.239444	0.482066	0.057178	C
416	T	0.124490	0.395816	0.410401	0.069293	C
417	S	0.127774	0.550527	0.269183	0.052516	E
418	V	0.235276	0.484545	0.258137	0.022042	E
419	E	0.312495	0.557292	0.120378	0.009835	E
420	Q	0.365327	0.543520	0.054956	0.036197	E
421	C	0.436487	0.544505	0.009504	0.009504	E
422	E	0.584304	0.351246	0.044844	0.019605	H
423	I	0.458397	0.301019	0.199741	0.040843	H
424	A	0.461681	0.335460	0.150847	0.052012	H
425	I	0.446959	0.354345	0.144329	0.054367	H
426	A	0.374793	0.346638	0.242064	0.036505	H
427	R	0.290218	0.324380	0.321300	0.064102	E
428	H	0.232809	0.266463	0.439320	0.061407	C
429	S	0.128535	0.260981	0.528245	0.082239	C
430	L	0.131585	0.229710	0.559590	0.079115	C
431	L	0.100171	0.210842	0.600531	0.088456	C
432	S	0.075519	0.232274	0.596495	0.095713	C
433	V	0.119498	0.137058	0.636202	0.107242	C
434	I	0.068428	0.128278	0.665054	0.138240	C
435	A	0.189825	0.091949	0.584447	0.133779	C
436	K	0.154653	0.084351	0.614528	0.146468	C
437	Q	0.118884	0.152541	0.611430	0.117146	C
438	M	0.050478	0.288303	0.532501	0.128718	C
439	T	0.009498	0.456376	0.437194	0.096932	E
440	Y	0.009456	0.678977	0.237716	0.073851	E
441	K	0.009048	0.794326	0.132443	0.064183	E
442	V	0.009163	0.751648	0.183184	0.056004	E
443	Y	0.009618	0.903462	0.061817	0.025103	E
444	M	0.009298	0.782132	0.178151	0.030419	E
445	S	0.099387	0.697710	0.169336	0.033567	E
446	G	0.009598	0.607380	0.298626	0.084397	E
447	T	0.023970	0.425351	0.464896	0.085782	C
448	V	0.009534	0.427878	0.494764	0.067824	C
449	N	0.066616	0.287241	0.575867	0.070275	C
450	G	0.031884	0.324403	0.542880	0.100832	C
451	H	0.045279	0.414247	0.464539	0.075935	C
452	Y	0.028932	0.467459	0.390662	0.112948	E
453	F	0.008345	0.683014	0.263785	0.044856	E
454	E	0.001279	0.951321	0.016434	0.030966	E
455	V	0.009250	0.867574	0.090040	0.033137	E
456	E	0.010236	0.880442	0.073200	0.036122	E
457	G	0.008836	0.671842	0.229358	0.089964	E
458	D	0.009707	0.622708	0.251091	0.116494	E
459	G	0.009813	0.530622	0.371535	0.088030	E
460	K	0.013347	0.476404	0.378424	0.131825	E
461	G	0.119629	0.358873	0.411347	0.110151	C
462	K	0.009634	0.424913	0.445411	0.120042	C
463	P	0.071540	0.266333	0.526975	0.135153	C
464	Y	0.034818	0.270631	0.545522	0.149028	C
465	E	0.022668	0.239034	0.608173	0.130125	C
466	G	0.153698	0.325627	0.413465	0.107210	C
467	E	0.009728	0.578183	0.333396	0.078693	E
468	Q	0.081785	0.621266	0.250103	0.046846	E
469	T	0.089997	0.610609	0.241680	0.057714	E
470	V	0.000328	0.741181	0.200404	0.058086	E
471	K	0.009523	0.682654	0.252680	0.055143	E
472	L	0.009292	0.778786	0.165292	0.046630	E
473	T	0.061153	0.862042	0.051151	0.025654	E
474	V	0.011839	0.734287	0.212085	0.041789	E
475	T	0.012688	0.585150	0.325723	0.076439	E
476	K	0.092040	0.319887	0.501036	0.087036	C
477	G	0.094723	0.249598	0.519653	0.136026	C
478	G	0.009771	0.302181	0.533311	0.154737	C
479	P	0.162279	0.261214	0.457605	0.118902	C
480	L	0.009384	0.293236	0.561818	0.135562	C
481	P	0.009550	0.325346	0.558962	0.106142	C
482	F	0.109687	0.375446	0.420067	0.094800	C
483	A	0.042707	0.396102	0.470122	0.091070	C
484	W	0.245874	0.368326	0.319459	0.066342	E
485	D	0.445160	0.177594	0.332261	0.044985	H
486	I	0.344120	0.284377	0.314538	0.056965	H
487	L	0.277607	0.376437	0.301465	0.044491	E
488	S	0.260730	0.251483	0.440527	0.047260	C
489	P	0.358276	0.174233	0.411633	0.055858	C
490	Q	0.255692	0.252176	0.455541	0.036591	C
491	L	0.224877	0.317179	0.409281	0.048664	C
492	S	0.122738	0.373745	0.449325	0.054192	C
493	I	0.203071	0.371687	0.356017	0.069225	E
494	P	0.174178	0.512370	0.288670	0.024782	E
495	F	0.188334	0.483970	0.293120	0.034576	E
496	T	0.119296	0.420979	0.391947	0.067778	E
497	K	0.119435	0.372135	0.404422	0.104008	C
498	Y	0.022960	0.318869	0.548923	0.109249	C
499	P	0.107581	0.241772	0.536147	0.114500	C
500	E	0.248760	0.084449	0.583154	0.083637	C
501	D	0.240352	0.009538	0.662262	0.087848	C
502	I	0.215474	0.059780	0.615309	0.109436	C
503	P	0.339276	0.116680	0.467894	0.076150	C
504	D	0.562553	0.013083	0.368507	0.055857	H
505	Y	0.659511	0.079858	0.239608	0.021022	H
506	F	0.718181	0.067898	0.173801	0.040120	H
507	K	0.585417	0.117302	0.255548	0.041733	H
508	Q	0.510457	0.082794	0.351971	0.054778	H
509	S	0.381949	0.206487	0.361376	0.050187	H
510	F	0.208329	0.171609	0.545927	0.074135	C
511	P	0.188470	0.123856	0.582406	0.105267	C
512	E	0.166746	0.107518	0.578624	0.147113	C
513	G	0.136359	0.241107	0.504173	0.118361	C
514	Y	0.009667	0.309377	0.585265	0.095690	C
515	T	0.093389	0.518231	0.314721	0.073660	E
516	W	0.009555	0.635035	0.280244	0.075166	E
517	E	0.009568	0.768166	0.194899	0.027367	E
518	R	0.008417	0.655864	0.302046	0.033674	E
519	S	0.009510	0.774410	0.168357	0.047722	E
520	M	0.009801	0.704465	0.225340	0.060395	E
521	N	0.009736	0.666659	0.252565	0.071041	E
522	F	0.039037	0.484804	0.375930	0.100229	E
523	E	0.151118	0.324073	0.433212	0.091598	C
524	D	0.121305	0.309073	0.479783	0.089840	C
525	G	0.096294	0.272801	0.554111	0.076794	C
526	A	0.021457	0.472786	0.429168	0.076588	E
527	V	0.009526	0.674164	0.247540	0.068770	E
528	C	0.029033	0.778962	0.165120	0.026884	E
529	T	0.009657	0.782414	0.163563	0.044366	E
530	V	0.009196	0.718769	0.230482	0.041554	E
531	S	0.068205	0.703927	0.176946	0.050922	E
532	N	0.026846	0.624539	0.305332	0.043283	E
533	D	0.024894	0.663927	0.288583	0.022596	E
534	S	0.009874	0.744939	0.215735	0.029452	E
535	S	0.009899	0.802366	0.160769	0.026966	E
536	I	0.008850	0.696043	0.237802	0.057305	E
537	Q	0.085908	0.580140	0.288069	0.045883	E
538	G	0.109871	0.427567	0.390595	0.071967	E
539	N	0.009716	0.308800	0.587727	0.093758	C
540	C	0.009773	0.677514	0.244552	0.068162	E
541	F	0.009321	0.673676	0.256915	0.060088	E
542	I	0.008676	0.674022	0.259831	0.057471	E
543	Y	0.022195	0.781842	0.178776	0.017187	E
544	N	0.000024	0.839794	0.150411	0.009771	E
545	V	0.009096	0.814287	0.158171	0.018446	E
546	K	0.009159	0.806266	0.152459	0.032116	E
547	I	0.009117	0.749469	0.198074	0.043339	E
548	S	0.009392	0.676896	0.274178	0.039533	E
549	G	0.009775	0.588797	0.346696	0.054732	E
550	E	0.051832	0.480764	0.380099	0.087305	E
551	N	0.086015	0.345620	0.490866	0.077500	C
552	F	0.053249	0.186428	0.633667	0.126656	C
553	P	0.154293	0.091757	0.626250	0.127701	C
554	P	0.097439	0.101353	0.681199	0.120009	C
555	N	0.043971	0.175264	0.667057	0.113708	C
556	G	0.130428	0.109860	0.629017	0.130695	C
557	P	0.139844	0.132051	0.602774	0.125331	C
558	V	0.072779	0.267402	0.557346	0.102473	C
559	M	0.061000	0.267882	0.555784	0.115334	C
560	Q	0.120823	0.180677	0.577867	0.120634	C
561	K	0.223023	0.158965	0.520662	0.097350	C
562	K	0.185699	0.300666	0.431940	0.081696	C
563	T	0.164598	0.402553	0.339998	0.092852	E
564	Q	0.176235	0.333126	0.392818	0.097821	C
565	G	0.082165	0.320017	0.481421	0.116397	C
566	W	0.129048	0.390279	0.372659	0.108014	E
567	E	0.073064	0.371062	0.433765	0.122109	C
568	P	0.165824	0.226170	0.506057	0.101949	C
569	S	0.242886	0.202309	0.484502	0.070303	C
570	T	0.240088	0.215321	0.462018	0.082574	C
571	E	0.131315	0.363310	0.429861	0.075514	C
572	R	0.087581	0.547100	0.284595	0.080724	E
573	L	0.056106	0.719598	0.168433	0.055863	E
574	F	0.009333	0.671245	0.244605	0.074817	E
575	A	0.133526	0.431082	0.382956	0.052437	E
576	R	0.098406	0.321445	0.497358	0.082792	C
577	D	0.068686	0.244910	0.580448	0.105956	C
578	G	0.093079	0.191669	0.625895	0.089357	C
579	M	0.049600	0.357657	0.474498	0.118245	C
580	L	0.009688	0.611898	0.324165	0.054248	E
581	I	0.026482	0.631471	0.267877	0.074170	E
582	G	0.140440	0.568125	0.254680	0.036756	E
583	N	0.119994	0.528725	0.272952	0.078329	E
584	D	0.192336	0.483647	0.264421	0.059596	E
585	Y	0.290527	0.517574	0.156462	0.035437	E
586	M	0.175437	0.517745	0.261140	0.045678	E
587	A	0.099074	0.673896	0.203657	0.023373	E
588	L	0.009549	0.639742	0.303743	0.046967	E
589	K	0.009819	0.637190	0.289425	0.063566	E
590	L	0.009502	0.485435	0.416957	0.088106	E
591	E	0.079373	0.298883	0.530975	0.090768	C
592	G	0.041825	0.261598	0.553849	0.142729	C
593	G	0.102390	0.220230	0.551909	0.125471	C
594	G	0.012151	0.405229	0.471301	0.111319	C
595	H	0.009820	0.518933	0.364680	0.106568	E
596	Y	0.008327	0.720707	0.215871	0.055095	E
597	L	0.008494	0.752823	0.188193	0.050490	E
598	C	0.009507	0.772691	0.145369	0.072433	E
599	E	0.008878	0.677717	0.246642	0.066764	E
600	F	0.009254	0.707127	0.233599	0.050020	E
601	K	0.126211	0.577550	0.246312	0.049927	E
602	S	0.079811	0.569827	0.270922	0.079440	E
603	T	0.174691	0.457842	0.317263	0.050205	E
604	Y	0.285547	0.310918	0.353817	0.049718	C
605	K	0.134805	0.399171	0.405618	0.060406	C
606	A	0.184822	0.115241	0.583868	0.116069	C
607	K	0.141985	0.108670	0.629734	0.119611	C
608	K	0.106333	0.145008	0.598627	0.150032	C
609	P	0.041359	0.203231	0.588973	0.166437	C
610	V	0.009749	0.358596	0.475491	0.156165	C
611	R	0.009650	0.242655	0.574136	0.173559	C
612	M	0.059414	0.192366	0.576195	0.172025	C
613	P	0.090316	0.205045	0.529139	0.175500	C
614	G	0.157995	0.177611	0.518751	0.145642	C
615	R	0.304356	0.103860	0.499522	0.092262	C
616	H	0.215807	0.161112	0.532027	0.091053	C
617	E	0.200345	0.328318	0.422464	0.048872	C
618	I	0.238809	0.430567	0.279338	0.051285	E
619	D	0.098279	0.442968	0.400215	0.058538	E
620	R	0.099795	0.548979	0.321385	0.029840	E
621	K	0.107023	0.564820	0.294602	0.033555	E
622	L	0.009674	0.601238	0.337331	0.051757	E
623	D	0.009618	0.767633	0.178830	0.043919	E
624	V	0.009460	0.651774	0.261966	0.076800	E
625	T	0.105114	0.491360	0.329471	0.074055	E
626	S	0.134163	0.385310	0.396541	0.083986	C
627	H	0.115012	0.238585	0.544140	0.102263	C
628	N	0.146339	0.182474	0.571405	0.099783	C
629	R	0.185002	0.130123	0.586935	0.097940	C
630	D	0.163458	0.143925	0.602623	0.089993	C
631	Y	0.206983	0.251250	0.486436	0.055331	C
632	T	0.157598	0.356140	0.411746	0.074516	C
633	S	0.145334	0.544850	0.254344	0.055472	E
634	V	0.227088	0.533915	0.217701	0.021297	E
635	E	0.285610	0.651241	0.060839	0.002310	E
636	Q	0.371408	0.587002	0.023939	0.017651	E
637	C	0.504693	0.339442	0.134153	0.021712	H
638	E	0.585654	0.260490	0.127427	0.026430	H
639	I	0.531975	0.233649	0.199639	0.034737	H
640	A	0.484982	0.351772	0.124199	0.039047	H
641	I	0.525012	0.288446	0.131295	0.055247	H
642	A	0.407058	0.318845	0.207793	0.066304	H
643	R	0.302848	0.248641	0.392862	0.055649	C
644	H	0.189742	0.237079	0.482085	0.091094	C
645	S	0.221278	0.228232	0.493846	0.056645	C
646	L	0.164929	0.253087	0.510478	0.071506	C
647	S	0.169632	0.205679	0.545205	0.079484	C
648	V	0.117384	0.204036	0.598128	0.080452	C
649	I	0.092115	0.202220	0.583780	0.121885	C
650	A	0.132782	0.147237	0.581895	0.138086	C
651	K	0.139821	0.125966	0.603748	0.130464	C
652	Q	0.141337	0.166144	0.582237	0.110282	C
653	M	0.098097	0.276907	0.496973	0.128023	C
654	T	0.009754	0.467529	0.429630	0.093087	E
655	Y	0.009508	0.674415	0.243478	0.072600	E
656	K	0.009103	0.803693	0.126811	0.060393	E
657	V	0.009327	0.754590	0.182620	0.053463	E
658	Y	0.009714	0.887099	0.079453	0.023735	E
659	M	0.009333	0.776730	0.183245	0.030691	E
660	S	0.094422	0.702145	0.170429	0.033004	E
661	G	0.009623	0.606913	0.297184	0.086281	E
662	T	0.026984	0.419360	0.466678	0.086979	C
663	V	0.009602	0.429430	0.488792	0.072176	C
664	N	0.075060	0.290174	0.564407	0.070359	C
665	G	0.046576	0.322641	0.532362	0.098421	C
666	H	0.060810	0.430837	0.441644	0.066709	C
667	Y	0.016999	0.459759	0.409283	0.113959	E
668	F	0.008685	0.687760	0.262525	0.041031	E
669	E	0.010344	0.937384	0.024551	0.027721	E
670	V	0.009191	0.875696	0.080681	0.034432	E
671	E	0.003791	0.860828	0.095147	0.040234	E
672	G	0.008795	0.655907	0.241090	0.094208	E
673	D	0.009691	0.611492	0.260905	0.117912	E
674	G	0.009673	0.522523	0.379753	0.088051	E
675	K	0.007894	0.474169	0.385958	0.131978	E
676	G	0.116142	0.350005	0.423493	0.110359	C
677	K	0.009563	0.416515	0.456667	0.117255	C
678	P	0.077692	0.259261	0.532310	0.130738	C
679	Y	0.035142	0.269516	0.549886	0.145456	C
680	E	0.036627	0.230535	0.603571	0.129267	C
681	G	0.151475	0.328379	0.413920	0.106226	C
682	E	0.009788	0.581162	0.329827	0.079223	E
683	Q	0.081761	0.615809	0.254711	0.047719	E
684	T	0.092331	0.599290	0.249340	0.059039	E
685	V	0.015258	0.731058	0.197945	0.055739	E
686	K	0.009626	0.665412	0.266416	0.058547	E
687	L	0.009393	0.775037	0.168724	0.046846	E
688	T	0.068726	0.851777	0.053787	0.025711	E
689	V	0.008685	0.731232	0.217433	0.042650	E
690	T	0.013972	0.578922	0.330607	0.076499	E
691	K	0.089093	0.321383	0.500397	0.089127	C
692	G	0.103017	0.248284	0.517090	0.131609	C
693	G	0.009612	0.301018	0.534407	0.154963	C
694	P	0.145620	0.262518	0.474605	0.117256	C
695	L	0.009284	0.286229	0.566760	0.137727	C
696	P	0.009602	0.324839	0.556081	0.109479	C
697	F	0.113918	0.374558	0.417140	0.094384	C
698	A	0.045634	0.395662	0.468952	0.089752	C
699	W	0.244169	0.370148	0.319609	0.066075	E
700	D	0.442267	0.178861	0.334371	0.044501	H
701	I	0.349965	0.286593	0.308386	0.055056	H
702	L	0.275972	0.382178	0.294932	0.046918	E
703	S	0.256494	0.253974	0.442320	0.047211	C
704	P	0.355881	0.183615	0.409039	0.051466	C
705	Q	0.248887	0.262781	0.454999	0.033332	C
706	L	0.221529	0.321298	0.410724	0.046449	C
707	S	0.119891	0.383632	0.443155	0.053322	C
708	I	0.203851	0.374600	0.353041	0.068508	E
709	P	0.173208	0.514995	0.287308	0.024490	E
710	F	0.186216	0.482707	0.295901	0.035176	E
711	T	0.120271	0.416191	0.394695	0.068843	E
712	K	0.122167	0.368536	0.405759	0.103538	C
713	Y	0.018777	0.319145	0.552151	0.109927	C
714	P	0.096960	0.239419	0.547340	0.116282	C
715	E	0.232483	0.083371	0.597238	0.086909	C
716	D	0.228882	0.009494	0.670615	0.091009	C
717	I	0.215562	0.053011	0.619708	0.111719	C
718	P	0.351438	0.108881	0.461516	0.078165	C
719	D	0.532326	0.013453	0.387189	0.067032	H
720	Y	0.656138	0.066444	0.255970	0.021448	H
721	F	0.703247	0.063226	0.191257	0.042271	H
722	K	0.604861	0.124421	0.235826	0.034892	H
723	Q	0.521211	0.089250	0.332604	0.056935	H
724	S	0.388607	0.204713	0.355965	0.050715	H
725	F	0.208343	0.173480	0.545905	0.072272	C
726	P	0.183195	0.128739	0.585178	0.102889	C
727	E	0.157083	0.114087	0.582703	0.146128	C
728	G	0.132356	0.243677	0.505783	0.118184	C
729	Y	0.009698	0.311448	0.582991	0.095863	C
730	T	0.093415	0.517435	0.315591	0.073559	E
731	W	0.009550	0.640586	0.275701	0.074163	E
732	E	0.009591	0.772511	0.190989	0.026909	E
733	R	0.008409	0.653518	0.303579	0.034494	E
734	S	0.009509	0.770323	0.171775	0.048394	E
735	M	0.009797	0.702237	0.226183	0.061784	E
736	N	0.009801	0.663541	0.254274	0.072384	E
737	F	0.041885	0.476326	0.372970	0.108819	E
738	E	0.145099	0.330208	0.430130	0.094563	C
739	D	0.138413	0.327727	0.447103	0.086756	C
740	G	0.153080	0.259175	0.516484	0.071260	C
741	A	0.027803	0.476757	0.420422	0.075018	E
742	V	0.009769	0.691869	0.233379	0.064983	E
743	C	0.037382	0.760441	0.178410	0.023767	E
744	T	0.009603	0.771364	0.176658	0.042375	E
745	V	0.009455	0.707770	0.239594	0.043181	E
746	S	0.082298	0.660061	0.202296	0.055345	E
747	N	0.022254	0.616764	0.311636	0.049346	E
748	D	0.014713	0.666852	0.288144	0.030291	E
749	S	0.009705	0.740362	0.216295	0.033638	E
750	S	0.009668	0.781953	0.176898	0.031481	E
751	I	0.008745	0.680615	0.254491	0.056150	E
752	Q	0.079584	0.572347	0.301130	0.046939	E
753	G	0.069959	0.419230	0.433463	0.077348	C
754	N	0.009885	0.313879	0.586536	0.089699	C
755	C	0.036033	0.644832	0.255342	0.063792	E
756	F	0.009459	0.657548	0.269393	0.063600	E
757	I	0.008537	0.650799	0.274645	0.066019	E
758	Y	0.009817	0.760218	0.199988	0.029977	E
759	N	0.009855	0.814450	0.163913	0.011783	E
760	V	0.009223	0.807777	0.163310	0.019690	E
761	K	0.009115	0.820684	0.139269	0.030933	E
762	I	0.009107	0.751325	0.195795	0.043773	E
763	S	0.009259	0.677344	0.277612	0.035785	E
764	G	0.007542	0.576712	0.363954	0.051793	E
765	E	0.017569	0.523397	0.372352	0.086682	E
766	N	0.093525	0.365455	0.474980	0.066040	C
767	F	0.072203	0.186073	0.617908	0.123816	C
768	P	0.158686	0.084801	0.626718	0.129795	C
769	P	0.076759	0.117922	0.689727	0.115592	C
770	N	0.058019	0.185004	0.650114	0.106863	C
771	G	0.156670	0.100636	0.620422	0.122272	C
772	P	0.184563	0.113272	0.585754	0.116411	C
773	V	0.121845	0.234371	0.546995	0.096789	C
774	M	0.114081	0.216637	0.563229	0.106053	C
775	Q	0.180365	0.119278	0.590988	0.109369	C
776	K	0.249754	0.128041	0.534074	0.088130	C
777	K	0.229634	0.246482	0.451272	0.072613	C
778	T	0.218968	0.323738	0.377002	0.080292	C
779	Q	0.212565	0.280566	0.424859	0.082010	C
780	G	0.134422	0.305230	0.455656	0.104692	C
781	W	0.129861	0.434753	0.339561	0.095825	E
782	E	0.086267	0.364882	0.432514	0.116337	C
783	P	0.223837	0.217674	0.466858	0.091630	C
784	S	0.296567	0.156371	0.483497	0.063565	C
785	T	0.308184	0.149956	0.467524	0.074336	C
786	E	0.157484	0.370680	0.401119	0.070717	C
787	R	0.123159	0.541098	0.262952	0.072791	E
788	L	0.058264	0.667652	0.213907	0.060177	E
789	F	0.009603	0.678387	0.236443	0.075567	E
790	A	0.124094	0.457145	0.363855	0.054906	E
791	R	0.103955	0.340116	0.473752	0.082178	C
792	D	0.065837	0.257636	0.575739	0.100788	C
793	G	0.104319	0.178856	0.632920	0.083904	C
794	M	0.038248	0.341080	0.502209	0.118463	C
795	L	0.009636	0.601916	0.337141	0.051307	E
796	I	0.011539	0.630643	0.280818	0.077000	E
797	G	0.139290	0.581872	0.246994	0.031843	E
798	N	0.103072	0.580449	0.243689	0.072790	E
799	D	0.161300	0.536461	0.247028	0.055211	E
800	Y	0.279737	0.522774	0.158524	0.038965	E
801	M	0.187219	0.520272	0.250446	0.042063	E
802	A	0.147136	0.632904	0.200775	0.019186	E
803	L	0.036604	0.611211	0.311585	0.040601	E
804	K	0.054327	0.617792	0.270182	0.057699	E
805	L	0.024107	0.528822	0.376798	0.070273	E
806	E	0.132566	0.344481	0.453759	0.069194	C
807	G	0.079785	0.278826	0.520486	0.120903	C
808	G	0.118057	0.199473	0.564757	0.117714	C
809	G	0.009594	0.422759	0.469121	0.098526	C
810	H	0.009213	0.531305	0.361663	0.097819	E
811	Y	0.008722	0.656356	0.276252	0.058669	E
812	L	0.008531	0.749319	0.191216	0.050934	E
813	C	0.009719	0.757156	0.154862	0.078263	E
814	E	0.009221	0.659314	0.264746	0.066720	E
815	F	0.009563	0.698574	0.240054	0.051809	E
816	K	0.093354	0.562398	0.282485	0.061763	E
817	S	0.067466	0.569683	0.283708	0.079143	E
818	T	0.156940	0.430909	0.361874	0.050276	E
819	Y	0.244448	0.349717	0.354565	0.051270	C
820	K	0.087489	0.411077	0.451627	0.049807	C
821	A	0.154466	0.155642	0.570528	0.119363	C
822	K	0.163138	0.076582	0.641116	0.119164	C
823	K	0.073244	0.167875	0.613291	0.145590	C
824	P	0.023482	0.250034	0.557242	0.169241	C
825	V	0.009593	0.372757	0.466643	0.151007	C
826	R	0.009498	0.289054	0.544793	0.156655	C
827	M	0.005360	0.209009	0.593268	0.192363	C
828	P	0.056065	0.184140	0.568519	0.191275	C
829	G	0.171042	0.188926	0.492463	0.147570	C
830	R	0.330738	0.106775	0.471227	0.091260	C
831	H	0.197196	0.180216	0.527212	0.095376	C
832	E	0.154409	0.393073	0.392372	0.060146	E
833	I	0.265970	0.357122	0.312899	0.064009	E
834	D	0.099569	0.499294	0.339704	0.061432	E
835	R	0.121558	0.539233	0.324730	0.014479	E
836	K	0.170431	0.496978	0.306068	0.026524	E
837	L	0.009726	0.484560	0.454586	0.051128	E
838	D	0.105042	0.561671	0.266324	0.066962	E
839	V	0.081990	0.512134	0.316544	0.089332	E
840	T	0.135942	0.362293	0.402057	0.099708	C
841	S	0.151672	0.302306	0.454356	0.091666	C
842	H	0.155145	0.250946	0.483292	0.110617	C
843	N	0.137096	0.206782	0.561317	0.094805	C
844	R	0.157530	0.139401	0.613314	0.089754	C
845	D	0.187777	0.183320	0.556426	0.072478	C
846	Y	0.195143	0.248120	0.484901	0.071836	C
847	T	0.147697	0.410181	0.372183	0.069940	E
848	S	0.138865	0.591238	0.222314	0.047583	E
849	V	0.155247	0.586445	0.243020	0.015287	E
850	E	0.140229	0.711750	0.138189	0.009832	E
851	Q	0.212214	0.631535	0.127159	0.029092	E
852	C	0.283960	0.594929	0.103078	0.018033	E
853	E	0.444074	0.432217	0.103085	0.020624	H
854	I	0.378080	0.359531	0.215174	0.047215	H
855	A	0.441373	0.367444	0.139710	0.051473	H
856	I	0.383006	0.384826	0.174741	0.057427	E
857	A	0.339853	0.401229	0.213467	0.045451	E
858	R	0.322920	0.328681	0.306196	0.042203	E
859	H	0.281299	0.262126	0.414677	0.041898	C
860	S	0.154668	0.233289	0.525901	0.086141	C
861	L	0.050233	0.136881	0.738029	0.074857	C
