> rkretsch_986434177
#rid	resname	Helix	Beta	Coil	PPII	ss_kind
1	E	0.015252	0.386721	0.527397	0.070631	C
2	V	0.009166	0.513895	0.372199	0.104740	E
3	K	0.009344	0.580605	0.307118	0.102934	E
4	L	0.008697	0.445076	0.433761	0.112467	E
5	V	0.008451	0.534203	0.380999	0.076348	E
6	E	0.087671	0.447985	0.354556	0.109787	E
7	S	0.008827	0.383713	0.453900	0.153559	C
8	G	0.150257	0.304511	0.399162	0.146070	C
9	G	0.233020	0.271585	0.352519	0.142876	C
10	G	0.251645	0.141099	0.484019	0.123238	C
11	L	0.009555	0.383167	0.478205	0.129072	C
12	V	0.025839	0.439518	0.413497	0.121146	E
13	K	0.054195	0.386828	0.428552	0.130425	C
14	P	0.106633	0.214926	0.528781	0.149660	C
15	G	0.024704	0.303361	0.494520	0.177415	C
16	G	0.078608	0.299362	0.470024	0.152005	C
17	S	0.086152	0.439408	0.333273	0.141167	E
18	L	0.009649	0.712264	0.203073	0.075014	E
19	K	0.001004	0.759712	0.174902	0.064383	E
20	L	0.144580	0.658590	0.131374	0.065456	E
21	S	0.003344	0.708923	0.218933	0.068799	E
22	A	0.081668	0.503330	0.326867	0.088135	E
23	T	0.193783	0.477849	0.256837	0.071531	E
24	A	0.079154	0.440386	0.374845	0.105615	E
25	S	0.054986	0.258696	0.585742	0.100576	C
26	G	0.067429	0.165317	0.659915	0.107339	C
27	I	0.047768	0.120542	0.701800	0.129890	C
28	T	0.023995	0.401668	0.491384	0.082953	C
29	F	0.122319	0.280859	0.491825	0.104997	C
30	S	0.168816	0.225533	0.524179	0.081472	C
31	R	0.100450	0.270685	0.549044	0.079821	C
32	Y	0.223140	0.158875	0.534047	0.083937	C
33	I	0.058857	0.352755	0.514009	0.074379	C
34	M	0.164848	0.390770	0.369714	0.074669	E
35	S	0.176973	0.418604	0.348663	0.055760	E
36	W	0.255008	0.523835	0.155183	0.065974	E
37	V	0.305532	0.670803	0.007699	0.015966	E
38	R	0.203242	0.517987	0.201886	0.076885	E
39	Q	0.159736	0.362186	0.375922	0.102156	C
40	I	0.223971	0.166692	0.483764	0.125572	C
41	P	0.119850	0.230480	0.500589	0.149081	C
42	E	0.132984	0.145981	0.575779	0.145256	C
43	K	0.012170	0.288025	0.575658	0.124147	C
44	R	0.095914	0.185438	0.557159	0.161488	C
45	L	0.108566	0.345828	0.436664	0.108942	C
46	E	0.201833	0.426826	0.309997	0.061343	E
47	W	0.057087	0.614133	0.248028	0.080752	E
48	V	0.089995	0.578934	0.266578	0.064493	E
49	A	0.170496	0.593188	0.186250	0.050065	E
50	S	0.021592	0.729469	0.193706	0.055233	E
51	I	0.112492	0.590293	0.219295	0.077920	E
52	S	0.063740	0.419740	0.443169	0.073351	C
53	S	0.004132	0.237111	0.664217	0.094540	C
54	G	0.084396	0.106807	0.723008	0.085789	C
55	G	0.060151	0.081877	0.754860	0.103112	C
56	I	0.034873	0.140811	0.723872	0.100444	C
57	T	0.009455	0.212540	0.638794	0.139211	C
58	Y	0.009886	0.249530	0.609339	0.131245	C
59	Y	0.009884	0.241874	0.596820	0.151422	C
60	P	0.161977	0.143648	0.581553	0.112822	C
61	D	0.192654	0.095337	0.613341	0.098668	C
62	S	0.141172	0.139706	0.604063	0.115058	C
63	V	0.148927	0.212351	0.548060	0.090662	C
64	K	0.225716	0.156563	0.504327	0.113394	C
65	G	0.164349	0.228690	0.506056	0.100905	C
66	R	0.157600	0.368149	0.420269	0.053983	C
67	F	0.009182	0.576692	0.330838	0.083287	E
68	T	0.009497	0.640783	0.271112	0.078609	E
69	I	0.005704	0.620815	0.289769	0.083712	E
70	S	0.002953	0.521094	0.421015	0.054939	E
71	R	0.238779	0.237753	0.435328	0.088140	C
72	D	0.159777	0.217020	0.538254	0.084949	C
73	N	0.173745	0.249306	0.507954	0.068995	C
74	V	0.112650	0.142852	0.667594	0.076904	C
75	R	0.202676	0.206390	0.497414	0.093521	C
76	N	0.052189	0.258784	0.577203	0.111823	C
77	I	0.118311	0.472823	0.338251	0.070614	E
78	L	0.150973	0.651979	0.123273	0.073774	E
79	Y	0.177720	0.584695	0.173308	0.064277	E
80	L	0.090979	0.719379	0.138502	0.051140	E
81	Q	0.050453	0.659935	0.205341	0.084270	E
82	M	0.095714	0.471947	0.337883	0.094455	E
83	S	0.193238	0.281437	0.426202	0.099123	C
84	S	0.145669	0.219683	0.525131	0.109517	C
85	L	0.079721	0.274822	0.545476	0.099981	C
86	R	0.105402	0.364656	0.428246	0.101696	C
87	S	0.206934	0.238247	0.449219	0.105600	C
88	E	0.176000	0.197366	0.514521	0.112113	C
89	D	0.161480	0.150847	0.570584	0.117090	C
90	T	0.166292	0.211700	0.524626	0.097382	C
91	A	0.169360	0.220281	0.481094	0.129265	C
92	L	0.228800	0.212308	0.474908	0.083985	C
93	Y	0.178074	0.401670	0.364396	0.055860	E
94	Y	0.146868	0.483826	0.323070	0.046235	E
95	A	0.178479	0.473415	0.306272	0.041834	E
96	A	0.119348	0.472454	0.351343	0.056855	E
97	R	0.172990	0.380945	0.390277	0.055787	C
98	G	0.134800	0.291371	0.489312	0.084516	C
99	Q	0.090330	0.259100	0.558329	0.092242	C
100	G	0.069071	0.323111	0.507785	0.100033	C
101	R	0.020546	0.382975	0.488730	0.107749	C
102	P	0.033431	0.429053	0.427404	0.110112	E
103	Y	0.102112	0.396741	0.395206	0.105940	E
104	W	0.009873	0.468232	0.448822	0.073072	E
105	G	0.009598	0.370280	0.533352	0.086770	C
106	Q	0.009867	0.416242	0.447548	0.126342	C
107	G	0.048116	0.425375	0.402048	0.124460	E
108	T	0.009840	0.407970	0.478565	0.103625	C
109	L	0.077775	0.414916	0.417826	0.089483	C
110	V	0.002907	0.433311	0.471757	0.092025	C
111	T	0.009465	0.483639	0.415572	0.091324	E
112	V	0.035345	0.479702	0.393843	0.091110	E
113	S	0.069495	0.432858	0.401078	0.096570	E
114	S	0.004689	0.371460	0.516982	0.106868	C
115	A	0.052379	0.239548	0.588080	0.119993	C
116	K	0.066609	0.187208	0.616930	0.129253	C
117	T	0.027144	0.209261	0.630042	0.133553	C
118	T	0.062153	0.166573	0.646170	0.125104	C
119	P	0.012544	0.276929	0.568967	0.141559	C
120	P	0.035139	0.250395	0.565233	0.149233	C
121	S	0.006163	0.314591	0.510413	0.168833	C
122	V	0.009601	0.390563	0.442730	0.157107	C
123	Y	0.018474	0.405945	0.413201	0.162379	C
124	P	0.009637	0.343365	0.491188	0.155810	C
125	L	0.009600	0.292567	0.535591	0.162241	C
126	A	0.068285	0.204697	0.560820	0.166199	C
127	P	0.076646	0.171300	0.575017	0.177037	C
128	G	0.135361	0.067069	0.614000	0.183571	C
129	G	0.160956	0.026150	0.635772	0.177122	C
130	D	0.148090	0.112188	0.552078	0.187644	C
131	T	0.090894	0.101938	0.632124	0.175044	C
132	T	0.008359	0.143716	0.660713	0.187212	C
133	G	0.079664	0.150264	0.593184	0.176888	C
134	S	0.022572	0.205863	0.591307	0.180258	C
135	S	0.120913	0.319043	0.408778	0.151266	C
136	V	0.031919	0.520086	0.326899	0.121096	E
137	T	0.129042	0.579287	0.216386	0.075285	E
138	L	0.095665	0.590525	0.245589	0.068222	E
139	G	0.261090	0.579258	0.081936	0.077716	E
140	C	0.200697	0.475464	0.250888	0.072951	E
141	L	0.073124	0.509863	0.337067	0.079946	E
142	V	0.179811	0.368871	0.367425	0.083893	E
143	K	0.037582	0.320665	0.540268	0.101484	C
144	G	0.019970	0.289705	0.580884	0.109441	C
145	Y	0.015510	0.195724	0.658032	0.130734	C
146	F	0.009466	0.256839	0.602252	0.131443	C
147	P	0.102489	0.152940	0.621120	0.123451	C
148	E	0.073778	0.280436	0.523811	0.121974	C
149	S	0.009334	0.385958	0.494233	0.110475	C
150	V	0.009209	0.563818	0.326558	0.100415	E
151	T	0.009795	0.613144	0.316273	0.060789	E
152	V	0.008912	0.646196	0.280238	0.064654	E
153	T	0.009833	0.663682	0.240793	0.085692	E
154	W	0.009532	0.522515	0.378726	0.089227	E
155	N	0.033137	0.412339	0.453929	0.100594	C
156	S	0.004191	0.310750	0.532150	0.152910	C
157	G	0.038947	0.268744	0.557734	0.134576	C
158	S	0.094461	0.202748	0.563183	0.139608	C
159	L	0.053026	0.214657	0.597180	0.135137	C
160	S	0.143309	0.239459	0.513190	0.104042	C
161	S	0.009662	0.333712	0.541876	0.114749	C
162	S	0.009487	0.427541	0.461368	0.101604	C
163	V	0.034548	0.461664	0.399245	0.104543	E
164	H	0.008154	0.460285	0.407511	0.124050	E
165	T	0.009048	0.517466	0.356512	0.116974	E
166	F	0.009166	0.468850	0.390878	0.131105	E
167	P	0.004645	0.368345	0.478155	0.148854	C
168	A	0.077846	0.270455	0.521587	0.130112	C
169	L	0.041600	0.165788	0.656076	0.136536	C
170	L	0.140544	0.161824	0.579199	0.118432	C
171	Q	0.040535	0.220966	0.620439	0.118060	C
172	S	0.054671	0.203356	0.607635	0.134337	C
173	G	0.043518	0.208076	0.596255	0.152151	C
174	L	0.064962	0.288092	0.484498	0.162448	C
175	Y	0.052935	0.401721	0.392909	0.152436	E
176	T	0.264001	0.251230	0.383971	0.100798	C
177	M	0.134829	0.538473	0.243877	0.082821	E
178	S	0.166935	0.377106	0.368049	0.087909	E
179	S	0.158335	0.394091	0.379551	0.068023	E
180	S	0.189936	0.357494	0.369673	0.082898	C
181	V	0.009803	0.346780	0.539283	0.104134	C
182	T	0.037577	0.372602	0.462035	0.127786	C
183	V	0.022486	0.351980	0.487730	0.137805	C
184	P	0.042063	0.312369	0.459923	0.185645	C
185	S	0.134728	0.214912	0.512439	0.137921	C
186	S	0.205675	0.113435	0.547852	0.133038	C
187	T	0.124280	0.168977	0.581090	0.125653	C
188	W	0.045993	0.164255	0.673344	0.116408	C
189	P	0.130215	0.135454	0.603853	0.130479	C
190	S	0.134039	0.155392	0.571941	0.138627	C
191	Q	0.070150	0.287836	0.520696	0.121317	C
192	T	0.036507	0.345776	0.491338	0.126379	C
193	V	0.016266	0.538925	0.338582	0.106227	E
194	T	0.009428	0.690174	0.226310	0.074088	E
195	C	0.024174	0.722397	0.191915	0.061514	E
196	S	0.009537	0.713826	0.217349	0.059288	E
197	V	0.009352	0.603932	0.316690	0.070025	E
198	A	0.013165	0.531533	0.371814	0.083488	E
199	H	0.029397	0.369140	0.487214	0.114249	C
200	P	0.049259	0.217964	0.591685	0.141091	C
201	A	0.051988	0.097379	0.691171	0.159462	C
202	S	0.123899	0.120643	0.641723	0.113734	C
203	S	0.095123	0.128203	0.644017	0.132656	C
204	T	0.096062	0.161791	0.591629	0.150518	C
205	T	0.059872	0.250429	0.548304	0.141395	C
206	V	0.034966	0.299577	0.515448	0.150008	C
207	D	0.071308	0.335816	0.445348	0.147528	C
208	K	0.087236	0.302372	0.471483	0.138909	C
209	K	0.058198	0.342131	0.459357	0.140314	C
210	L	0.091729	0.384234	0.402906	0.121131	C
211	E	0.028206	0.404568	0.430417	0.136809	C
212	P	0.009842	0.383639	0.464166	0.142352	C
213	D	0.020610	0.321887	0.511029	0.146475	C
214	I	0.067487	0.287988	0.508496	0.136029	C
215	V	0.040181	0.220751	0.603094	0.135974	C
216	M	0.128478	0.120922	0.609265	0.141335	C
217	T	0.064633	0.112241	0.663040	0.160087	C
218	Q	0.109247	0.150952	0.575607	0.164194	C
219	A	0.066796	0.133145	0.633006	0.167053	C
220	A	0.147879	0.108550	0.600698	0.142873	C
221	F	0.053495	0.151924	0.622383	0.172198	C
222	S	0.156131	0.086095	0.595154	0.162620	C
223	N	0.068718	0.097896	0.652846	0.180540	C
224	P	0.081939	0.141037	0.589246	0.187779	C
225	V	0.124755	0.143049	0.572037	0.160158	C
226	T	0.001578	0.180958	0.635348	0.182116	C
227	L	0.131595	0.081634	0.606740	0.180032	C
228	G	0.084394	0.207831	0.510734	0.197041	C
229	T	0.039372	0.141222	0.637341	0.182064	C
230	S	0.009908	0.247749	0.567099	0.175243	C
231	A	0.009605	0.354984	0.473661	0.161749	C
232	S	0.009706	0.501648	0.368494	0.120152	E
233	I	0.005695	0.466049	0.410597	0.117658	E
234	S	0.068391	0.311964	0.522888	0.096757	C
235	D	0.156862	0.060729	0.648568	0.133841	C
236	R	0.136446	0.197077	0.523077	0.143400	C
237	S	0.005774	0.194243	0.649791	0.150192	C
238	T	0.121956	0.158683	0.588176	0.131185	C
239	K	0.102303	0.166677	0.603071	0.127948	C
240	S	0.020447	0.186651	0.665752	0.127149	C
241	L	0.042309	0.302604	0.552012	0.103076	C
242	L	0.008840	0.348638	0.536747	0.105774	C
243	H	0.069108	0.275653	0.537336	0.117903	C
244	S	0.098741	0.260375	0.523337	0.117547	C
245	N	0.069381	0.236971	0.574555	0.119092	C
246	G	0.090575	0.185068	0.617520	0.106836	C
247	I	0.046238	0.307322	0.530309	0.116131	C
248	T	0.002727	0.426489	0.466464	0.104320	C
249	Y	0.009752	0.532282	0.367221	0.090745	E
250	L	0.009085	0.765133	0.143773	0.082008	E
251	Y	0.009813	0.778827	0.121579	0.089780	E
252	W	0.009126	0.706057	0.184249	0.100568	E
253	Y	0.150326	0.676376	0.115650	0.057648	E
254	L	0.075024	0.745833	0.115221	0.063923	E
255	Q	0.029684	0.521165	0.330555	0.118596	E
256	K	0.059290	0.270249	0.495336	0.175125	C
257	P	0.080066	0.206767	0.537735	0.175433	C
258	G	0.035838	0.157510	0.610538	0.196114	C
259	Q	0.090462	0.145489	0.584936	0.179113	C
260	S	0.157528	0.125618	0.546164	0.170690	C
261	P	0.009628	0.316661	0.523149	0.150562	C
262	Q	0.009685	0.464057	0.427772	0.098486	E
263	L	0.009145	0.571269	0.349560	0.070027	E
264	L	0.004439	0.765199	0.160017	0.070344	E
265	I	0.009727	0.806133	0.119665	0.064475	E
266	Y	0.072176	0.703850	0.178300	0.045674	E
267	Q	0.055731	0.629732	0.256056	0.058481	E
268	M	0.007318	0.473036	0.438582	0.081065	E
269	S	0.044956	0.296588	0.573086	0.085371	C
270	N	0.086485	0.149443	0.655613	0.108459	C
271	L	0.139604	0.105792	0.648120	0.106484	C
272	A	0.034763	0.249577	0.598324	0.117336	C
273	S	0.026653	0.267334	0.579406	0.126607	C
274	G	0.120224	0.240257	0.518102	0.121417	C
275	V	0.015519	0.290900	0.555519	0.138062	C
276	P	0.009690	0.296346	0.564840	0.129124	C
277	D	0.142568	0.228168	0.509872	0.119393	C
278	R	0.069382	0.291204	0.510162	0.129253	C
279	F	0.028755	0.339805	0.508619	0.122820	C
280	S	0.105579	0.192702	0.583216	0.118503	C
281	S	0.073597	0.258496	0.551138	0.116770	C
282	S	0.058605	0.169330	0.684156	0.087910	C
283	G	0.098020	0.204170	0.590771	0.107040	C
284	S	0.009520	0.213387	0.654098	0.122995	C
285	G	0.146784	0.213297	0.545474	0.094446	C
286	T	0.009787	0.341730	0.542544	0.105939	C
287	D	0.009729	0.619402	0.289788	0.081080	E
288	F	0.013885	0.819824	0.083573	0.082718	E
289	T	0.008657	0.784986	0.161441	0.044916	E
290	L	0.009834	0.816323	0.123860	0.049983	E
291	R	0.009818	0.860414	0.061553	0.068216	E
292	I	0.018464	0.553026	0.357854	0.070656	E
293	S	0.009849	0.397423	0.485591	0.107137	C
294	R	0.092126	0.245424	0.560296	0.102154	C
295	V	0.071730	0.267056	0.549415	0.111799	C
296	E	0.073801	0.284892	0.530614	0.110693	C
297	A	0.093681	0.236555	0.551050	0.118714	C
298	E	0.123794	0.071186	0.661120	0.143900	C
299	D	0.100590	0.077836	0.697103	0.124471	C
300	V	0.086346	0.164422	0.630772	0.118460	C
301	G	0.151315	0.157038	0.574289	0.117357	C
302	V	0.005325	0.350658	0.540092	0.103925	C
303	Y	0.063449	0.468204	0.395746	0.072601	E
304	Y	0.013179	0.560222	0.338942	0.087657	E
305	D	0.102519	0.550038	0.277666	0.069777	E
306	A	0.093453	0.483740	0.354598	0.068210	E
307	Q	0.173519	0.398100	0.349450	0.078931	E
308	N	0.084862	0.359734	0.474623	0.080781	C
309	L	0.018342	0.283576	0.611321	0.086761	C
310	E	0.022616	0.241659	0.638946	0.096779	C
311	L	0.009822	0.238761	0.645035	0.106383	C
312	P	0.019380	0.303763	0.578634	0.098223	C
313	P	0.156122	0.239560	0.502434	0.101885	C
314	T	0.098048	0.349769	0.466220	0.085963	C
315	F	0.046127	0.343545	0.531956	0.078372	C
316	G	0.022572	0.371164	0.507009	0.099255	C
317	G	0.009126	0.388235	0.491171	0.111467	C
318	G	0.067904	0.423789	0.391850	0.116457	E
319	T	0.009650	0.526197	0.376607	0.087547	E
320	K	0.062875	0.548255	0.283060	0.105811	E
321	L	0.073690	0.435529	0.393036	0.097745	E
322	E	0.009764	0.508830	0.378441	0.102965	E
323	I	0.078931	0.333534	0.451767	0.135768	C
324	K	0.105153	0.293331	0.466460	0.135056	C
325	R	0.129513	0.212998	0.491992	0.165497	C
326	A	0.009345	0.225296	0.604301	0.161058	C
327	D	0.009387	0.231644	0.596205	0.162764	C
328	A	0.009536	0.298616	0.497536	0.194312	C
329	A	0.053239	0.294721	0.465399	0.186641	C
330	P	0.009692	0.297463	0.529024	0.163821	C
331	T	0.078495	0.420424	0.387841	0.113240	E
332	V	0.008165	0.651024	0.265059	0.075752	E
333	S	0.009275	0.624349	0.282388	0.083988	E
334	I	0.009770	0.630553	0.250357	0.109320	E
335	F	0.009387	0.312492	0.520650	0.157471	C
336	P	0.008839	0.200830	0.590953	0.199378	C
337	P	0.135343	0.133803	0.515124	0.215730	C
338	S	0.009629	0.230551	0.559154	0.200666	C
339	S	0.247311	0.149726	0.477790	0.125173	C
340	E	0.408287	0.029317	0.507364	0.055032	C
341	Q	0.266742	0.112912	0.540745	0.079601	C
342	L	0.297229	0.044023	0.599779	0.058969	C
343	T	0.100692	0.164747	0.618033	0.116528	C
344	S	0.141176	0.083939	0.674506	0.100379	C
345	G	0.012181	0.181260	0.682411	0.124147	C
346	G	0.114807	0.322031	0.470003	0.093159	C
347	A	0.141533	0.525861	0.260877	0.071729	E
348	S	0.118534	0.571714	0.236024	0.073727	E
349	V	0.316428	0.618357	0.029032	0.036182	E
350	V	0.303563	0.609188	0.062875	0.024373	E
351	E	0.141273	0.587233	0.222720	0.048774	E
352	F	0.082657	0.597718	0.281834	0.037791	E
353	L	0.046187	0.540671	0.326065	0.087077	E
354	N	0.030604	0.411869	0.509426	0.048101	C
355	N	0.041101	0.313220	0.553599	0.092080	C
356	F	0.009303	0.141404	0.764164	0.085129	C
357	Y	0.008715	0.178251	0.697897	0.115137	C
358	P	0.241006	0.088365	0.597635	0.072993	C
359	K	0.100706	0.242368	0.555399	0.101527	C
360	D	0.108990	0.361304	0.431748	0.097959	C
361	I	0.098776	0.577662	0.260976	0.062585	E
362	N	0.026143	0.626184	0.261839	0.085834	E
363	V	0.009861	0.789250	0.152203	0.048686	E
364	K	0.104341	0.751918	0.077838	0.065904	E
365	W	0.133729	0.589508	0.178614	0.098149	E
366	K	0.000049	0.621511	0.323257	0.055184	E
367	I	0.039509	0.458324	0.419401	0.082767	E
368	D	0.121189	0.295242	0.471413	0.112156	C
369	G	0.022306	0.219095	0.625906	0.132693	C
370	S	0.056509	0.261144	0.507434	0.174913	C
371	E	0.120541	0.231971	0.482959	0.164528	C
372	R	0.009784	0.187309	0.616999	0.185908	C
373	Q	0.054198	0.175655	0.574719	0.195428	C
374	N	0.019185	0.245877	0.566891	0.168047	C
375	G	0.082595	0.236354	0.537394	0.143658	C
376	V	0.009355	0.387919	0.462824	0.139902	C
377	L	0.030596	0.387499	0.453238	0.128668	C
378	N	0.009866	0.409344	0.461530	0.119260	C
379	S	0.127400	0.326693	0.421939	0.123969	C
380	W	0.106998	0.211587	0.512031	0.169383	C
381	T	0.086976	0.234497	0.495236	0.183291	C
382	D	0.067688	0.239893	0.504636	0.187783	C
383	Q	0.038696	0.280350	0.525143	0.155811	C
384	D	0.014108	0.263098	0.565301	0.157492	C
385	S	0.065234	0.191066	0.583130	0.160570	C
386	K	0.165350	0.139280	0.560867	0.134503	C
387	D	0.111686	0.141549	0.624763	0.122002	C
388	S	0.077369	0.170105	0.632898	0.119628	C
389	T	0.009206	0.354002	0.519264	0.117528	C
390	Y	0.009535	0.540075	0.356272	0.094118	E
391	S	0.034477	0.604491	0.284092	0.076940	E
392	M	0.021813	0.792458	0.135127	0.050602	E
393	S	0.020724	0.696275	0.212041	0.070961	E
394	S	0.009420	0.664269	0.268219	0.058093	E
395	T	0.009365	0.690535	0.229258	0.070842	E
396	L	0.009367	0.534124	0.381703	0.074806	E
397	T	0.009415	0.530904	0.353853	0.105827	E
398	L	0.006766	0.437816	0.413723	0.141696	E
399	T	0.047174	0.258102	0.528923	0.165801	C
400	K	0.275084	0.124136	0.481896	0.118883	C
401	D	0.279492	0.188327	0.434123	0.098058	C
402	E	0.151494	0.217284	0.531266	0.099955	C
403	Y	0.085930	0.139397	0.675125	0.099548	C
404	E	0.104519	0.054034	0.706157	0.135290	C
405	R	0.055262	0.150930	0.656607	0.137202	C
406	H	0.029517	0.218074	0.656153	0.096256	C
407	N	0.077855	0.289406	0.517447	0.115293	C
408	S	0.007721	0.517556	0.358230	0.116493	E
409	Y	0.009375	0.828719	0.092987	0.068919	E
410	T	0.000810	0.784729	0.151094	0.063367	E
411	E	0.068505	0.784487	0.090485	0.056523	E
412	E	0.009774	0.677196	0.238026	0.075004	E
413	A	0.044271	0.577721	0.323696	0.054313	E
414	T	0.009730	0.512851	0.392570	0.084849	E
415	H	0.089324	0.309149	0.510553	0.090975	C
416	K	0.243337	0.140257	0.513660	0.102746	C
417	T	0.104364	0.240925	0.545136	0.109575	C
418	S	0.069719	0.222693	0.609886	0.097702	C
419	T	0.009458	0.245102	0.641458	0.103982	C
420	S	0.009478	0.258506	0.616533	0.115483	C
421	P	0.217414	0.131888	0.527032	0.123666	C
422	I	0.026003	0.262090	0.582582	0.129325	C
423	V	0.064102	0.323957	0.495987	0.115954	C
424	K	0.067624	0.323269	0.481595	0.127512	C
425	S	0.091415	0.326859	0.482111	0.099616	C
426	F	0.003511	0.383241	0.469404	0.143844	C
427	N	0.009890	0.291944	0.574319	0.123846	C
428	R	0.067031	0.113377	0.673500	0.146092	C
429	N	0.072966	0.104253	0.652974	0.169807	C
430	E	0.148161	0.056177	0.653739	0.141923	C
