> rkretsch_51259388
#rid	resname	Helix	Beta	Coil	PPII	ss_kind
1	D	0.023364	0.057956	0.814774	0.103905	C
2	P	0.182317	0.009668	0.719046	0.088969	C
3	M	0.223321	0.166944	0.530278	0.079456	C
4	V	0.261339	0.064144	0.571931	0.102587	C
5	S	0.206622	0.070501	0.629680	0.093196	C
6	K	0.438035	0.009765	0.476216	0.075984	C
7	G	0.287390	0.114927	0.507009	0.090674	C
8	E	0.360028	0.122976	0.456914	0.060082	C
9	E	0.384652	0.051027	0.502568	0.061754	C
10	L	0.350721	0.089169	0.514452	0.045659	C
11	F	0.184671	0.210837	0.526639	0.077853	C
12	T	0.210643	0.197653	0.507543	0.084161	C
13	G	0.196925	0.208939	0.508875	0.085262	C
14	V	0.117198	0.220568	0.569492	0.092743	C
15	V	0.062625	0.413589	0.444084	0.079702	C
16	P	0.013167	0.582636	0.325292	0.078904	E
17	I	0.009217	0.705528	0.237371	0.047885	E
18	L	0.008941	0.861012	0.088480	0.041566	E
19	V	0.008927	0.806794	0.144663	0.039616	E
20	E	0.009499	0.874597	0.089067	0.026837	E
21	L	0.009186	0.858967	0.104991	0.026855	E
22	D	0.084427	0.757006	0.120861	0.037706	E
23	G	0.009634	0.635019	0.275766	0.079582	E
24	D	0.031831	0.473907	0.411888	0.082375	E
25	V	0.009640	0.473218	0.450532	0.066610	E
26	N	0.110244	0.297122	0.527448	0.065186	C
27	G	0.062082	0.244946	0.600793	0.092179	C
28	H	0.052363	0.453853	0.431604	0.062180	E
29	K	0.027947	0.479137	0.404307	0.088608	E
30	F	0.009100	0.714660	0.241838	0.034402	E
31	S	0.009330	0.845360	0.110276	0.035034	E
32	V	0.009666	0.870866	0.086781	0.032686	E
33	S	0.003932	0.806416	0.149535	0.040116	E
34	G	0.008887	0.590412	0.316155	0.084546	E
35	E	0.009808	0.520946	0.357691	0.111554	E
36	G	0.009700	0.443882	0.449063	0.097354	C
37	E	0.005496	0.431525	0.427337	0.135641	E
38	G	0.171034	0.300667	0.423144	0.105155	C
39	D	0.009733	0.405199	0.466993	0.118075	C
40	A	0.124462	0.256626	0.496421	0.122492	C
41	T	0.032423	0.273650	0.569225	0.124702	C
42	Y	0.059497	0.213537	0.597453	0.129513	C
43	G	0.044913	0.416533	0.448612	0.089942	C
44	K	0.009704	0.542164	0.383848	0.064285	E
45	L	0.031124	0.622696	0.310154	0.036026	E
46	T	0.009723	0.620558	0.321930	0.047789	E
47	L	0.009597	0.695051	0.240588	0.054764	E
48	K	0.009257	0.654812	0.292134	0.043796	E
49	F	0.009593	0.745802	0.211157	0.033448	E
50	I	0.046393	0.727205	0.202431	0.023971	E
51	C	0.009491	0.691304	0.260379	0.038826	E
52	T	0.088923	0.523800	0.345323	0.041955	E
53	T	0.094186	0.322777	0.505039	0.077998	C
54	G	0.060394	0.305533	0.551288	0.082784	C
55	K	0.065424	0.359511	0.481497	0.093568	C
56	L	0.031829	0.222948	0.626982	0.118241	C
57	P	0.009041	0.340691	0.551799	0.098469	C
58	V	0.009897	0.402878	0.499608	0.087616	C
59	P	0.066376	0.343543	0.511325	0.078756	C
60	W	0.262806	0.337583	0.343002	0.056608	C
61	P	0.445199	0.103191	0.391534	0.060076	H
62	T	0.357347	0.229801	0.350662	0.062190	H
63	L	0.391713	0.270092	0.309176	0.029019	H
64	V	0.393024	0.231423	0.346337	0.029215	H
65	T	0.489751	0.095416	0.373998	0.040835	H
66	T	0.311481	0.281181	0.393983	0.013354	C
67	F	0.279641	0.295322	0.389011	0.036025	C
68	L	0.169274	0.332436	0.456906	0.041383	C
69	M	0.338482	0.277937	0.323003	0.060578	H
70	C	0.216932	0.517354	0.252573	0.013141	E
71	F	0.201447	0.515304	0.252428	0.030822	E
72	A	0.116102	0.439141	0.388494	0.056263	E
73	R	0.065269	0.440649	0.400775	0.093307	E
74	Y	0.009840	0.358692	0.535390	0.096077	C
75	P	0.099811	0.256163	0.538928	0.105098	C
76	D	0.193853	0.064353	0.630981	0.110813	C
77	H	0.175029	0.010184	0.706675	0.108112	C
78	M	0.139677	0.150674	0.605129	0.104521	C
79	K	0.173670	0.080167	0.648815	0.097347	C
80	Q	0.109079	0.118192	0.663741	0.108989	C
81	H	0.138354	0.181087	0.596325	0.084234	C
82	D	0.204380	0.138708	0.569504	0.087409	C
83	F	0.424893	0.131243	0.404348	0.039516	H
84	F	0.428930	0.181769	0.341636	0.047665	H
85	K	0.420577	0.215820	0.317116	0.046486	H
86	S	0.353863	0.167151	0.416912	0.062074	C
87	A	0.354710	0.218105	0.388157	0.039027	C
88	M	0.143040	0.167634	0.615339	0.073987	C
89	P	0.100352	0.192268	0.592858	0.114523	C
90	E	0.150574	0.106607	0.602211	0.140607	C
91	G	0.193288	0.160175	0.542522	0.104015	C
92	Y	0.039200	0.267620	0.608503	0.084677	C
93	V	0.124243	0.437655	0.365725	0.072378	E
94	Q	0.040083	0.631623	0.240499	0.087794	E
95	E	0.009378	0.730898	0.238730	0.020994	E
96	R	0.009088	0.634568	0.318660	0.037684	E
97	T	0.009629	0.727674	0.228067	0.034629	E
98	I	0.009889	0.653113	0.287065	0.049933	E
99	F	0.044698	0.642796	0.261436	0.051071	E
100	F	0.028743	0.524546	0.353941	0.092770	E
101	K	0.127944	0.367870	0.424760	0.079426	C
102	D	0.129950	0.363739	0.434874	0.071438	C
103	D	0.053455	0.329325	0.540743	0.076476	C
104	G	0.011984	0.487608	0.438588	0.061821	E
105	N	0.009493	0.729278	0.213037	0.048192	E
106	Y	0.009828	0.806025	0.162743	0.021405	E
107	K	0.009538	0.740922	0.212576	0.036963	E
108	T	0.023753	0.719219	0.241010	0.016018	E
109	R	0.116041	0.679467	0.178474	0.026018	E
110	A	0.048659	0.640560	0.285042	0.025740	E
111	E	0.009774	0.686967	0.259403	0.043856	E
112	V	0.009522	0.727595	0.228549	0.034334	E
113	K	0.009611	0.741129	0.210763	0.038498	E
114	F	0.009064	0.637435	0.282024	0.071478	E
115	E	0.032536	0.551131	0.332961	0.083372	E
116	G	0.077225	0.425629	0.413430	0.083715	E
117	D	0.022187	0.366316	0.530236	0.081261	C
118	T	0.048586	0.651704	0.232885	0.066825	E
119	L	0.009716	0.637403	0.296908	0.055973	E
120	V	0.009264	0.629833	0.320223	0.040680	E
121	N	0.009715	0.713911	0.257747	0.018627	E
122	R	0.000895	0.797643	0.196966	0.004496	E
123	I	0.009276	0.805858	0.172749	0.012117	E
124	E	0.009391	0.836971	0.125380	0.028258	E
125	L	0.008908	0.718269	0.232018	0.040805	E
126	K	0.009266	0.711901	0.228153	0.050681	E
127	G	0.062491	0.638539	0.222330	0.076640	E
128	I	0.094417	0.427672	0.388861	0.089050	E
129	D	0.092129	0.362016	0.455175	0.090681	C
130	F	0.144802	0.191740	0.533259	0.130199	C
131	K	0.217497	0.074081	0.575576	0.132846	C
132	E	0.094376	0.131661	0.656555	0.117408	C
133	D	0.114272	0.101922	0.654142	0.129664	C
134	G	0.133370	0.098822	0.654048	0.113760	C
135	N	0.191857	0.068980	0.622376	0.116787	C
136	I	0.066728	0.252330	0.584490	0.096452	C
137	L	0.009852	0.248075	0.646991	0.095082	C
138	G	0.145056	0.165992	0.573569	0.115384	C
139	H	0.131901	0.170134	0.594219	0.103745	C
140	K	0.073054	0.252736	0.573106	0.101104	C
141	L	0.080850	0.214217	0.599479	0.105455	C
142	E	0.124911	0.268872	0.481949	0.124267	C
143	Y	0.016381	0.355308	0.495611	0.132700	C
144	N	0.068684	0.342300	0.477647	0.111369	C
145	Y	0.108366	0.302787	0.488060	0.100787	C
146	N	0.000337	0.310829	0.567701	0.121133	C
147	S	0.070743	0.242433	0.585264	0.101560	C
148	H	0.024642	0.390380	0.499583	0.085394	C
149	N	0.009716	0.443744	0.438868	0.107672	E
150	V	0.009846	0.535440	0.345367	0.109347	E
151	Y	0.017131	0.632116	0.252381	0.098373	E
152	I	0.009769	0.607246	0.282004	0.100981	E
153	M	0.064229	0.452194	0.385717	0.097859	E
154	A	0.153049	0.275052	0.494763	0.077135	C
155	D	0.043423	0.211866	0.632917	0.111795	C
156	K	0.098908	0.215791	0.598256	0.087045	C
157	Q	0.010327	0.304758	0.588225	0.096690	C
158	K	0.083154	0.275177	0.560914	0.080754	C
159	N	0.101227	0.340540	0.486049	0.072185	C
160	G	0.040253	0.438222	0.439754	0.081771	C
161	I	0.009828	0.555611	0.364359	0.070202	E
162	K	0.133881	0.541684	0.279901	0.044534	E
163	V	0.220674	0.483716	0.261292	0.034318	E
164	N	0.206300	0.517433	0.256612	0.019654	E
165	F	0.235680	0.495060	0.238732	0.030528	E
166	K	0.407599	0.424351	0.158179	0.009871	E
167	I	0.328289	0.476151	0.163902	0.031658	E
168	R	0.297917	0.495555	0.177812	0.028715	E
169	H	0.268422	0.314693	0.387326	0.029559	C
170	N	0.154087	0.251198	0.525449	0.069266	C
171	I	0.116715	0.244753	0.564434	0.074099	C
172	E	0.127957	0.146707	0.640604	0.084732	C
173	D	0.125236	0.176803	0.611002	0.086959	C
174	G	0.068076	0.271430	0.558291	0.102203	C
175	S	0.009537	0.380334	0.521780	0.088349	C
176	V	0.009052	0.502268	0.418977	0.069703	E
177	Q	0.009555	0.643520	0.284985	0.061940	E
178	L	0.009475	0.836186	0.122064	0.032276	E
179	A	0.009413	0.708635	0.262427	0.019525	E
180	D	0.009281	0.732533	0.245176	0.013010	E
181	H	0.182328	0.431371	0.369056	0.017245	E
182	Y	0.246222	0.403690	0.335413	0.014675	E
183	Q	0.170740	0.377608	0.403420	0.048231	C
184	Q	0.219565	0.438901	0.302082	0.039453	E
185	N	0.136089	0.436129	0.374988	0.052794	E
186	T	0.084267	0.378845	0.441503	0.095385	C
187	P	0.147876	0.261547	0.480203	0.110374	C
188	I	0.180891	0.186862	0.519053	0.113194	C
189	G	0.204934	0.091007	0.570816	0.133244	C
190	D	0.107039	0.151101	0.612162	0.129698	C
191	G	0.120701	0.124294	0.609774	0.145231	C
192	P	0.032687	0.305041	0.513067	0.149206	C
193	V	0.056462	0.321519	0.484652	0.137367	C
194	L	0.008938	0.305040	0.534370	0.151652	C
195	L	0.020819	0.212413	0.585488	0.181280	C
196	P	0.025284	0.287298	0.519269	0.168148	C
197	D	0.080879	0.242606	0.531220	0.145295	C
198	N	0.192524	0.192972	0.528486	0.086018	C
199	H	0.079118	0.232749	0.601892	0.086241	C
200	Y	0.173945	0.352828	0.428854	0.044373	C
201	L	0.114067	0.404877	0.413751	0.067305	C
202	S	0.009677	0.570834	0.378514	0.040976	E
203	Y	0.012426	0.716556	0.259520	0.011499	E
204	Q	0.099787	0.620959	0.277422	0.001832	E
205	S	0.009476	0.681464	0.263920	0.045140	E
206	A	0.009750	0.788899	0.132141	0.069211	E
207	L	0.009576	0.737044	0.184141	0.069239	E
208	S	0.023089	0.555447	0.341534	0.079930	E
209	K	0.094860	0.336276	0.476584	0.092280	C
210	D	0.059203	0.224464	0.598821	0.117512	C
211	P	0.082190	0.222091	0.588059	0.107660	C
212	N	0.226221	0.112540	0.573108	0.088131	C
213	E	0.220844	0.135471	0.569234	0.074451	C
214	K	0.216715	0.165186	0.564941	0.053158	C
215	R	0.099271	0.226165	0.578995	0.095569	C
216	D	0.057059	0.379367	0.492733	0.070842	C
217	H	0.102886	0.521031	0.310393	0.065690	E
218	M	0.127437	0.661298	0.204062	0.007203	E
219	V	0.159408	0.668588	0.131879	0.040125	E
220	L	0.194271	0.528415	0.243240	0.034074	E
221	L	0.253914	0.517100	0.216497	0.012489	E
222	E	0.289498	0.583258	0.113076	0.014168	E
223	F	0.356709	0.447999	0.165586	0.029706	E
224	V	0.431716	0.362318	0.169946	0.036020	H
225	T	0.298963	0.396918	0.271241	0.032878	E
226	A	0.208263	0.405107	0.348338	0.038292	E
227	A	0.217545	0.327372	0.400207	0.054876	C
228	G	0.068304	0.229585	0.620163	0.081947	C
229	I	0.007565	0.167653	0.691327	0.133455	C
230	T	0.009628	0.144890	0.764670	0.080812	C
