> rkretsch_2041025262
#rid	resname	Helix	Beta	Coil	PPII	ss_kind
1	S	0.107715	0.042097	0.785391	0.064797	C
2	S	0.127142	0.056149	0.689109	0.127600	C
3	R	0.268018	0.063032	0.577281	0.091670	C
4	R	0.325869	0.030552	0.544643	0.098936	C
5	K	0.293520	0.073159	0.526820	0.106500	C
6	W	0.291357	0.053180	0.565810	0.089653	C
7	N	0.265906	0.090041	0.560387	0.083666	C
8	K	0.273029	0.087645	0.557242	0.082083	C
9	T	0.255608	0.127607	0.543090	0.073695	C
10	G	0.282094	0.164771	0.476685	0.076449	C
11	H	0.451424	0.065660	0.419955	0.062960	H
12	A	0.487454	0.143968	0.331005	0.037573	H
13	V	0.598139	0.081088	0.266346	0.054427	H
14	R	0.671102	0.151025	0.159384	0.018490	H
15	A	0.644662	0.173343	0.168697	0.013298	H
16	I	0.614285	0.090050	0.258241	0.037424	H
17	G	0.604184	0.045344	0.301330	0.049142	H
18	R	0.540419	0.069608	0.351835	0.038138	H
19	L	0.548901	0.036351	0.386429	0.028320	H
20	S	0.366083	0.112546	0.472299	0.049072	C
21	S	0.318741	0.108539	0.513654	0.059066	C
22	L	0.312931	0.086650	0.528440	0.071979	C
23	E	0.280052	0.189425	0.462441	0.068082	C
24	N	0.162733	0.294182	0.462024	0.081061	C
25	V	0.196138	0.297451	0.445108	0.061303	C
26	Y	0.196851	0.466875	0.284385	0.051888	E
27	I	0.136799	0.448367	0.339419	0.075414	E
28	M	0.123986	0.407923	0.372137	0.095954	E
29	A	0.238380	0.239030	0.433773	0.088817	C
30	D	0.302746	0.166903	0.436312	0.094039	C
31	K	0.452673	0.012572	0.478168	0.056587	C
32	Q	0.410725	0.017360	0.505347	0.066568	C
33	K	0.307264	0.006310	0.595704	0.090723	C
34	N	0.230939	0.013099	0.654709	0.101253	C
35	G	0.161743	0.086845	0.638416	0.112997	C
36	I	0.225342	0.208457	0.466303	0.099898	C
37	K	0.202605	0.318997	0.402380	0.076018	C
38	A	0.312073	0.371167	0.266915	0.049845	E
39	N	0.344024	0.352814	0.253730	0.049432	E
40	F	0.275635	0.442546	0.243518	0.038300	E
41	K	0.392808	0.374348	0.211328	0.021516	H
42	I	0.349438	0.359440	0.246215	0.044907	E
43	R	0.369257	0.388677	0.198560	0.043505	E
44	H	0.277615	0.379254	0.290846	0.052285	E
45	N	0.258610	0.247501	0.414845	0.079044	C
46	I	0.098139	0.289188	0.501894	0.110778	C
47	E	0.118415	0.179021	0.582549	0.120016	C
48	D	0.104536	0.157307	0.612506	0.125650	C
49	G	0.137933	0.208452	0.549059	0.104555	C
50	G	0.038343	0.332055	0.533187	0.096415	C
51	V	0.074323	0.405686	0.417863	0.102128	C
52	Q	0.104479	0.515824	0.284069	0.095628	E
53	L	0.204104	0.586200	0.154337	0.055358	E
54	A	0.295900	0.432111	0.206663	0.065326	E
55	Y	0.256372	0.389330	0.270301	0.083997	E
56	H	0.310938	0.339335	0.291538	0.058189	E
57	Y	0.281331	0.290569	0.377738	0.050362	C
58	Q	0.224717	0.220832	0.497653	0.056798	C
59	Q	0.174561	0.189149	0.561188	0.075102	C
60	N	0.114094	0.210958	0.575901	0.099047	C
61	T	0.009840	0.275163	0.564753	0.150244	C
62	P	0.009780	0.276614	0.552091	0.161515	C
63	I	0.030803	0.215217	0.587762	0.166218	C
64	G	0.061062	0.143429	0.647176	0.148333	C
65	D	0.035273	0.174258	0.634779	0.155690	C
66	G	0.078424	0.255519	0.521810	0.144247	C
67	P	0.029311	0.389464	0.456853	0.124372	C
68	V	0.004131	0.567145	0.338721	0.090003	E
69	L	0.009615	0.539644	0.336234	0.114507	E
70	L	0.005584	0.453418	0.420188	0.120809	E
71	P	0.101472	0.285512	0.467097	0.145919	C
72	D	0.203203	0.141674	0.525462	0.129661	C
73	N	0.261274	0.112008	0.550027	0.076691	C
74	H	0.249775	0.178786	0.483972	0.087467	C
75	Y	0.309163	0.214381	0.430871	0.045586	C
76	L	0.440004	0.195552	0.321010	0.043434	H
77	S	0.395255	0.295409	0.256164	0.053172	H
78	V	0.336083	0.271940	0.344498	0.047478	C
79	Q	0.417780	0.189344	0.354828	0.038048	H
80	S	0.380730	0.149665	0.407801	0.061804	C
81	K	0.332397	0.178475	0.403957	0.085171	C
82	L	0.245374	0.146660	0.494158	0.113808	C
83	S	0.241927	0.117398	0.502730	0.137944	C
84	K	0.226236	0.050834	0.592638	0.130292	C
85	D	0.108833	0.123577	0.618567	0.149024	C
86	P	0.098973	0.140631	0.626073	0.134323	C
87	N	0.254310	0.078559	0.551646	0.115485	C
88	E	0.271913	0.086269	0.532144	0.109674	C
89	K	0.299405	0.044274	0.553961	0.102360	C
90	R	0.298132	0.134508	0.464490	0.102871	C
91	D	0.311142	0.149072	0.454900	0.084887	C
92	H	0.344466	0.224597	0.370556	0.060381	C
93	M	0.339713	0.377311	0.239577	0.043399	E
94	V	0.401035	0.383247	0.176106	0.039613	H
95	L	0.359302	0.431828	0.174095	0.034774	E
96	L	0.485491	0.320785	0.166062	0.027662	H
97	E	0.528086	0.349126	0.114657	0.008131	H
98	F	0.553073	0.265042	0.174873	0.007013	H
99	V	0.490770	0.238726	0.267530	0.002974	H
100	T	0.467271	0.172656	0.322384	0.037688	H
101	A	0.386312	0.186264	0.390455	0.036970	C
102	A	0.290783	0.250631	0.401860	0.056726	C
103	G	0.212111	0.250634	0.481395	0.055860	C
104	I	0.217619	0.242178	0.474186	0.066017	C
105	T	0.098233	0.231410	0.592575	0.077781	C
106	L	0.133778	0.173960	0.600553	0.091709	C
107	V	0.032315	0.230258	0.622927	0.114501	C
108	S	0.095162	0.183016	0.603011	0.118811	C
109	K	0.152243	0.180345	0.547163	0.120249	C
110	G	0.122032	0.187602	0.562621	0.127745	C
111	E	0.243396	0.185349	0.464151	0.107104	C
112	E	0.305746	0.190452	0.396018	0.107783	C
113	L	0.333605	0.214665	0.367361	0.084370	C
114	F	0.379812	0.230593	0.325608	0.063987	H
115	T	0.376045	0.179371	0.375466	0.069119	H
116	G	0.397348	0.212728	0.332945	0.056980	H
117	V	0.239981	0.220399	0.465821	0.073799	C
118	V	0.177119	0.317750	0.431299	0.073832	C
119	P	0.218847	0.358166	0.337702	0.085286	E
120	I	0.231499	0.430173	0.272853	0.065475	E
121	L	0.213235	0.504153	0.223963	0.058649	E
122	V	0.205662	0.527017	0.202107	0.065215	E
123	E	0.187539	0.515733	0.236784	0.059943	E
124	L	0.195438	0.429381	0.307304	0.067877	E
125	D	0.205871	0.328881	0.383586	0.081662	C
126	G	0.216144	0.236834	0.453712	0.093310	C
127	D	0.235807	0.222692	0.468659	0.072841	C
128	V	0.199907	0.241974	0.477587	0.080532	C
129	N	0.221836	0.221806	0.473272	0.083086	C
130	G	0.173528	0.251486	0.482044	0.092942	C
131	H	0.133973	0.346034	0.420026	0.099967	C
132	K	0.083772	0.473133	0.357760	0.085335	E
133	F	0.124837	0.516210	0.287204	0.071749	E
134	S	0.110390	0.556479	0.260584	0.072547	E
135	V	0.099955	0.474570	0.314914	0.110561	E
136	S	0.052145	0.326884	0.503545	0.117426	C
137	G	0.138653	0.125464	0.591307	0.144576	C
138	E	0.009754	0.177694	0.635294	0.177258	C
139	G	0.017071	0.123528	0.668422	0.190979	C
140	E	0.028130	0.192811	0.584112	0.194947	C
141	G	0.050893	0.236322	0.548838	0.163947	C
142	D	0.043891	0.233369	0.583220	0.139521	C
143	A	0.158577	0.217803	0.505117	0.118503	C
144	T	0.206824	0.243964	0.449120	0.100092	C
145	Y	0.318514	0.224679	0.380316	0.076490	C
146	G	0.340209	0.218517	0.355979	0.085294	C
147	K	0.330238	0.270666	0.349317	0.049779	C
148	L	0.298020	0.305093	0.348906	0.047980	C
149	T	0.250014	0.328798	0.366189	0.054999	C
150	L	0.204156	0.387629	0.351129	0.057086	E
151	K	0.202093	0.290758	0.426383	0.080766	C
152	F	0.193702	0.317404	0.413171	0.075723	C
153	I	0.123952	0.300111	0.466825	0.109111	C
154	C	0.142739	0.249883	0.505120	0.102257	C
155	T	0.223590	0.096300	0.570122	0.109989	C
156	T	0.175630	0.128512	0.583220	0.112638	C
157	G	0.122787	0.092882	0.662016	0.122315	C
158	K	0.024470	0.099151	0.719722	0.156658	C
159	L	0.053779	0.205673	0.613044	0.127504	C
160	P	0.002677	0.211436	0.614851	0.171036	C
161	V	0.009688	0.217763	0.603665	0.168884	C
162	P	0.135846	0.103695	0.602764	0.157695	C
163	W	0.402007	0.068612	0.376690	0.152691	H
164	P	0.469051	0.068132	0.347771	0.115046	H
165	T	0.479181	0.162134	0.277998	0.080688	H
166	L	0.631978	0.088699	0.234066	0.045256	H
167	V	0.644514	0.125666	0.210723	0.019098	H
168	T	0.753535	0.097124	0.128317	0.021025	H
169	T	0.743006	0.019132	0.224317	0.013546	H
170	L	0.723757	0.009788	0.264618	0.001837	H
171	V	0.677900	0.014043	0.270111	0.037945	H
172	Q	0.703087	0.018461	0.257259	0.021193	H
173	C	0.599289	0.044298	0.305697	0.050717	H
174	F	0.523651	0.156384	0.285832	0.034133	H
175	S	0.798227	0.009561	0.172124	0.020088	H
176	R	0.661495	0.069007	0.212679	0.056819	H
177	Y	0.607224	0.009021	0.339163	0.044591	H
178	P	0.754285	0.003503	0.212869	0.029343	H
179	D	0.832669	0.009670	0.131560	0.026101	H
180	H	0.860886	0.008722	0.121670	0.008722	H
181	M	0.751108	0.002030	0.237064	0.009798	H
182	K	0.849895	0.009545	0.131015	0.009545	H
183	Q	0.733312	0.027883	0.228958	0.009847	H
184	H	0.635328	0.009465	0.335206	0.020001	H
185	D	0.561994	0.067142	0.357563	0.013301	H
186	F	0.406538	0.087294	0.491486	0.014682	C
187	F	0.291024	0.093565	0.579846	0.035565	C
188	K	0.276588	0.055016	0.636778	0.031618	C
189	S	0.178316	0.032327	0.722676	0.066681	C
190	A	0.112180	0.050234	0.768395	0.069191	C
191	M	0.061714	0.152819	0.683784	0.101683	C
192	P	0.045669	0.386835	0.459798	0.107699	C
193	E	0.111781	0.322848	0.481057	0.084315	C
194	G	0.171761	0.379480	0.387342	0.061417	C
195	Y	0.117410	0.571296	0.232633	0.078661	E
196	I	0.504266	0.272245	0.210116	0.013374	H
197	Q	0.646403	0.255711	0.088106	0.009779	H
198	E	0.724110	0.120681	0.145397	0.009812	H
199	R	0.569198	0.156439	0.235155	0.039207	H
200	T	0.637107	0.135542	0.212683	0.014668	H
201	I	0.786699	0.065087	0.131110	0.017104	H
202	F	0.690891	0.139954	0.166481	0.002674	H
203	F	0.780236	0.127053	0.085371	0.007340	H
204	K	0.632532	0.206828	0.151598	0.009043	H
205	D	0.551218	0.009667	0.397655	0.041460	H
206	D	0.310885	0.141762	0.486796	0.060556	C
207	G	0.165445	0.009821	0.735387	0.089347	C
208	N	0.026464	0.050054	0.810809	0.112673	C
209	Y	0.150420	0.147404	0.589356	0.112819	C
210	K	0.214291	0.030984	0.601747	0.152978	C
211	T	0.268735	0.039816	0.588305	0.103144	C
212	R	0.525801	0.045547	0.346905	0.081746	H
213	A	0.563740	0.009569	0.338973	0.087718	H
214	E	0.451662	0.009370	0.462340	0.076628	C
215	V	0.431056	0.026381	0.467835	0.074728	C
216	K	0.494846	0.061379	0.404855	0.038919	H
217	F	0.469234	0.042680	0.413296	0.074790	H
218	E	0.598034	0.024055	0.350225	0.027685	H
219	G	0.602183	0.009807	0.372883	0.015127	H
220	D	0.523675	0.034512	0.430640	0.011173	H
221	T	0.548658	0.041226	0.393643	0.016473	H
222	L	0.480738	0.086785	0.379639	0.052838	H
223	V	0.431745	0.116489	0.366276	0.085490	H
224	N	0.374203	0.046446	0.500680	0.078670	C
225	R	0.241296	0.156655	0.518083	0.083965	C
226	I	0.185573	0.087778	0.635230	0.091420	C
227	E	0.015644	0.049011	0.811101	0.124244	C
228	L	0.121594	0.009330	0.753138	0.115937	C
229	K	0.041936	0.009839	0.802308	0.145917	C
230	G	0.004808	0.300082	0.577815	0.117295	C
231	I	0.009319	0.293776	0.583986	0.112919	C
232	D	0.032055	0.214607	0.622450	0.130888	C
233	F	0.302338	0.081699	0.503512	0.112451	C
234	K	0.273023	0.158826	0.452085	0.116067	C
235	E	0.290405	0.163558	0.460323	0.085714	C
236	D	0.407347	0.042398	0.481967	0.068289	C
237	G	0.287131	0.163818	0.470986	0.078065	C
238	N	0.317639	0.100667	0.484158	0.097537	C
239	I	0.443764	0.113448	0.374608	0.068179	H
240	L	0.383892	0.061933	0.464896	0.089279	C
241	G	0.427504	0.081056	0.403513	0.087927	H
242	H	0.336862	0.119456	0.441821	0.101861	C
243	K	0.386634	0.024749	0.513981	0.074637	C
244	L	0.251108	0.092152	0.560526	0.096214	C
245	E	0.313655	0.033141	0.540295	0.112909	C
246	Y	0.296758	0.051573	0.524234	0.127435	C
247	N	0.190651	0.042441	0.639634	0.127274	C
248	T	0.218560	0.031735	0.622202	0.127502	C
249	R	0.269772	0.008564	0.623658	0.098006	C
250	D	0.141429	0.057642	0.674980	0.125949	C
251	Q	0.075151	0.053407	0.723855	0.147588	C
252	L	0.086162	0.071849	0.690083	0.151905	C
253	T	0.217352	0.097465	0.568665	0.116518	C
254	E	0.600593	0.009698	0.335172	0.054537	H
255	E	0.761931	0.009539	0.188110	0.040420	H
256	Q	0.776392	0.009196	0.200761	0.013651	H
257	I	0.816741	0.009487	0.158698	0.015074	H
258	A	0.841228	0.009242	0.140289	0.009242	H
259	E	0.864409	0.009403	0.116786	0.009403	H
260	F	0.861078	0.009694	0.128387	0.000840	H
261	K	0.850989	0.042779	0.096370	0.009862	H
262	E	0.778246	0.096769	0.103380	0.021605	H
263	A	0.729334	0.062445	0.180747	0.027473	H
264	F	0.754628	0.039050	0.190873	0.015450	H
265	S	0.718101	0.054518	0.217537	0.009844	H
266	L	0.570145	0.117522	0.284463	0.027869	H
267	F	0.333508	0.130914	0.473369	0.062209	C
268	D	0.320661	0.047757	0.604574	0.027008	C
269	K	0.275367	0.081220	0.595381	0.048032	C
270	D	0.203398	0.089284	0.611847	0.095470	C
271	G	0.181491	0.118157	0.620687	0.079665	C
272	D	0.171225	0.191925	0.535079	0.101771	C
273	G	0.009857	0.551025	0.366135	0.072984	E
274	T	0.009296	0.616034	0.285174	0.089496	E
275	I	0.057276	0.626152	0.259859	0.056713	E
276	T	0.113659	0.433671	0.358081	0.094589	E
277	T	0.604495	0.135979	0.226196	0.033331	H
278	K	0.797590	0.052402	0.140211	0.009797	H
279	E	0.836186	0.066031	0.085485	0.012297	H
280	L	0.846829	0.044166	0.099684	0.009320	H
281	G	0.906280	0.009531	0.079225	0.004964	H
282	T	0.857648	0.009267	0.123819	0.009267	H
283	V	0.895764	0.009282	0.085672	0.009282	H
284	M	0.957956	0.009676	0.022691	0.009676	H
285	R	0.896938	0.001006	0.100219	0.001837	H
286	S	0.700412	0.009490	0.267567	0.022531	H
287	L	0.421153	0.005995	0.520501	0.052351	C
288	G	0.268835	0.066809	0.597609	0.066747	C
289	Q	0.035435	0.093657	0.747628	0.123279	C
290	N	0.009556	0.168839	0.672110	0.149495	C
291	P	0.225717	0.121814	0.501138	0.151331	C
292	T	0.418403	0.081388	0.378315	0.121894	H
293	E	0.783027	0.113781	0.072519	0.030673	H
294	A	0.943352	0.009529	0.029322	0.017796	H
295	E	0.970588	0.009804	0.009804	0.009804	H
296	L	0.925969	0.009712	0.063229	0.001089	H
297	Q	0.916667	0.009326	0.064681	0.009326	H
298	D	0.931947	0.021063	0.037154	0.009836	H
299	M	0.955924	0.009870	0.031193	0.003012	H
300	I	0.804040	0.009563	0.169341	0.017056	H
301	N	0.783989	0.009424	0.204356	0.002231	H
302	E	0.591353	0.009433	0.382715	0.016499	H
303	V	0.392264	0.067905	0.489556	0.050274	C
304	D	0.267336	0.014989	0.647877	0.069799	C
305	A	0.228640	0.035384	0.652210	0.083766	C
306	D	0.245150	0.034089	0.609366	0.111395	C
307	G	0.180100	0.172351	0.536722	0.110827	C
308	N	0.109515	0.192730	0.585854	0.111901	C
309	G	0.026865	0.500562	0.398138	0.074434	E
310	T	0.009487	0.699950	0.219151	0.071412	E
311	I	0.040632	0.734271	0.169227	0.055869	E
312	D	0.158392	0.595769	0.152594	0.093245	E
313	F	0.395984	0.334617	0.214606	0.054793	H
314	P	0.689643	0.090613	0.176971	0.042772	H
315	E	0.712603	0.060134	0.204708	0.022556	H
316	F	0.800406	0.009619	0.157128	0.032847	H
317	L	0.817256	0.039270	0.137307	0.006167	H
318	T	0.843822	0.009529	0.144766	0.001882	H
319	M	0.792203	0.009495	0.188806	0.009495	H
320	M	0.855860	0.009359	0.125288	0.009493	H
321	A	0.742253	0.055949	0.153531	0.048266	H
322	R	0.579358	0.149184	0.236889	0.034569	H
323	W	0.535575	0.009656	0.407084	0.047684	H
324	M	0.340998	0.122016	0.468783	0.068203	C
325	K	0.134210	0.045521	0.702618	0.117651	C
326	D	0.076008	0.102304	0.666776	0.154912	C
327	T	0.125956	0.147967	0.597488	0.128589	C
328	D	0.233336	0.058568	0.557278	0.150819	C
329	S	0.492679	0.085535	0.338849	0.082938	H
330	E	0.775096	0.009849	0.184022	0.031033	H
331	E	0.916111	0.009800	0.066315	0.007773	H
332	E	0.931503	0.009409	0.049679	0.009409	H
333	I	0.954846	0.009865	0.029691	0.005597	H
334	R	0.951485	0.008695	0.035386	0.004434	H
335	E	0.918599	0.009481	0.062440	0.009481	H
336	A	0.830572	0.005236	0.140777	0.023415	H
337	F	0.857156	0.009478	0.109638	0.023728	H
338	R	0.789425	0.057803	0.150564	0.002208	H
339	V	0.700666	0.120865	0.168733	0.009736	H
340	F	0.621779	0.035998	0.332343	0.009880	H
341	D	0.426436	0.084235	0.467998	0.021331	C
342	K	0.406619	0.082610	0.473300	0.037471	C
343	D	0.210782	0.107281	0.645985	0.035952	C
344	G	0.290133	0.067827	0.593487	0.048553	C
345	N	0.179060	0.186481	0.547513	0.086946	C
346	G	0.075196	0.529594	0.314512	0.080699	E
347	Y	0.008965	0.608967	0.290130	0.091939	E
348	I	0.166416	0.546529	0.242521	0.044534	E
349	S	0.246059	0.396744	0.314806	0.042391	E
350	A	0.719108	0.141766	0.127776	0.011350	H
351	A	0.959197	0.009689	0.021426	0.009689	H
352	E	0.855231	0.009222	0.126326	0.009222	H
353	L	0.883594	0.009790	0.096825	0.009790	H
354	R	0.921202	0.031006	0.025581	0.022211	H
355	H	0.898476	0.009159	0.080236	0.012129	H
356	V	0.967898	0.009777	0.014971	0.007354	H
357	M	0.882925	0.008918	0.099238	0.008918	H
358	T	0.774347	0.008960	0.185752	0.030941	H
359	N	0.641990	0.009405	0.319780	0.028825	H
360	L	0.526101	0.009619	0.413344	0.050937	H
361	G	0.194205	0.009802	0.681780	0.114213	C
362	E	0.178662	0.081359	0.628143	0.111835	C
363	K	0.135797	0.135094	0.596501	0.132609	C
364	L	0.194487	0.132919	0.525266	0.147328	C
365	T	0.381706	0.062926	0.418035	0.137333	C
366	D	0.680871	0.093224	0.174695	0.051211	H
367	E	0.931266	0.009626	0.049481	0.009626	H
368	E	0.943945	0.009693	0.045602	0.000761	H
369	V	0.882928	0.009679	0.096683	0.010711	H
370	D	0.966642	0.009764	0.013830	0.009764	H
371	E	0.823278	0.009714	0.133660	0.033348	H
372	M	0.878217	0.003345	0.106563	0.011875	H
373	I	0.846980	0.009446	0.134128	0.009446	H
374	R	0.770596	0.030762	0.179446	0.019196	H
375	E	0.593012	0.020733	0.357279	0.028976	H
376	A	0.340544	0.061303	0.551990	0.046163	C
377	D	0.190067	0.009886	0.716834	0.083213	C
378	I	0.237484	0.017834	0.654693	0.089989	C
379	D	0.221575	0.009491	0.661663	0.107272	C
380	G	0.102396	0.156449	0.638619	0.102536	C
381	D	0.074687	0.224092	0.578531	0.122690	C
382	G	0.009744	0.532364	0.356422	0.101469	E
383	Q	0.035921	0.695865	0.203365	0.064848	E
384	V	0.063733	0.679900	0.176108	0.080259	E
385	N	0.184583	0.534474	0.210789	0.070154	E
386	Y	0.522852	0.379181	0.083390	0.014576	H
387	E	0.799514	0.122859	0.067898	0.009730	H
388	E	0.847524	0.043708	0.105471	0.003297	H
389	F	0.859373	0.002813	0.131128	0.006686	H
390	V	0.761970	0.060807	0.133868	0.043355	H
391	Q	0.639736	0.131361	0.218252	0.010651	H
392	M	0.526662	0.126147	0.319199	0.027992	H
393	M	0.310452	0.053971	0.564175	0.071402	C
394	T	0.224984	0.118170	0.649640	0.007206	C
