> rkretsch_302690650
#rid	resname	Helix	Beta	Coil	PPII	ss_kind
1	E	0.051616	0.056207	0.821083	0.071094	C
2	E	0.170505	0.009204	0.713050	0.107241	C
3	D	0.047147	0.068062	0.766351	0.118440	C
4	N	0.009891	0.135748	0.733880	0.120482	C
5	M	0.027327	0.226332	0.639024	0.107317	C
6	A	0.148451	0.206949	0.549466	0.095134	C
7	I	0.180323	0.198166	0.534673	0.086838	C
8	I	0.163685	0.264080	0.453264	0.118971	C
9	K	0.245596	0.183633	0.455380	0.115392	C
10	E	0.222776	0.221980	0.460582	0.094662	C
11	F	0.200486	0.124957	0.555665	0.118892	C
12	M	0.095307	0.331120	0.461046	0.112527	C
13	R	0.067668	0.496268	0.340105	0.095958	E
14	F	0.014097	0.651459	0.265002	0.069442	E
15	K	0.008855	0.819143	0.131347	0.040654	E
16	T	0.009287	0.807416	0.128431	0.054865	E
17	H	0.009459	0.877700	0.077264	0.035578	E
18	M	0.009274	0.768478	0.184608	0.037640	E
19	E	0.105537	0.639542	0.203856	0.051066	E
20	G	0.009621	0.576412	0.323758	0.090208	E
21	S	0.063836	0.403418	0.444757	0.087988	C
22	V	0.009554	0.409964	0.508652	0.071830	C
23	N	0.078550	0.269573	0.579672	0.072206	C
24	G	0.017528	0.260414	0.614343	0.107716	C
25	H	0.027299	0.413034	0.473038	0.086629	C
26	E	0.018578	0.499184	0.371469	0.110768	E
27	F	0.008266	0.698519	0.250115	0.043101	E
28	E	0.009486	0.887374	0.065253	0.037887	E
29	I	0.009375	0.844754	0.108732	0.037139	E
30	E	0.009827	0.860234	0.085052	0.044887	E
31	G	0.008957	0.637876	0.253879	0.099288	E
32	E	0.009669	0.584102	0.286165	0.120064	E
33	G	0.009693	0.496353	0.397427	0.096528	E
34	E	0.022610	0.479467	0.359436	0.138488	E
35	G	0.102040	0.365035	0.416617	0.116308	C
36	R	0.009590	0.406311	0.451025	0.133073	C
37	P	0.092437	0.258132	0.516268	0.133163	C
38	Y	0.052694	0.273498	0.527281	0.146528	C
39	E	0.030305	0.223986	0.613110	0.132599	C
40	G	0.195823	0.293087	0.408765	0.102324	C
41	T	0.033351	0.501767	0.387241	0.077641	E
42	Q	0.153957	0.547763	0.260756	0.037524	E
43	T	0.081333	0.612680	0.246976	0.059011	E
44	A	0.061338	0.671773	0.208161	0.058728	E
45	K	0.009811	0.675913	0.255917	0.058358	E
46	L	0.009145	0.746727	0.198909	0.045218	E
47	K	0.043288	0.819266	0.103783	0.033662	E
48	V	0.014496	0.714471	0.223723	0.047310	E
49	T	0.037367	0.552517	0.324389	0.085727	E
50	K	0.117461	0.282060	0.509918	0.090561	C
51	G	0.096071	0.224213	0.543363	0.136353	C
52	G	0.009738	0.287805	0.545711	0.156746	C
53	P	0.130058	0.278544	0.465559	0.125839	C
54	L	0.009621	0.281815	0.567010	0.141554	C
55	P	0.009539	0.323826	0.556755	0.109879	C
56	F	0.109665	0.366062	0.423528	0.100745	C
57	A	0.044270	0.377559	0.482128	0.096044	C
58	W	0.253817	0.359340	0.323384	0.063459	E
59	D	0.463942	0.164322	0.328922	0.042813	H
60	I	0.323163	0.296688	0.323620	0.056529	C
61	L	0.256993	0.373051	0.317806	0.052150	E
62	S	0.258403	0.255507	0.433440	0.052650	C
63	P	0.340008	0.176960	0.415880	0.067152	C
64	Q	0.241260	0.270467	0.437933	0.050341	C
65	F	0.280015	0.300278	0.364417	0.055290	C
66	S	0.179029	0.289966	0.478363	0.052641	C
67	K	0.249290	0.356065	0.313317	0.081327	E
68	A	0.250595	0.479361	0.234569	0.035475	E
69	Y	0.203731	0.406951	0.311442	0.077876	E
70	V	0.120882	0.413006	0.397155	0.068957	E
71	K	0.157761	0.319067	0.438412	0.084760	C
72	H	0.034995	0.279385	0.581304	0.104317	C
73	P	0.065494	0.223211	0.601154	0.110142	C
74	A	0.187903	0.066449	0.645072	0.100576	C
75	D	0.133132	0.010529	0.749827	0.106513	C
76	I	0.184491	0.077131	0.619129	0.119248	C
77	P	0.338107	0.123326	0.456064	0.082503	C
78	D	0.525359	0.032084	0.367465	0.075093	H
79	Y	0.641673	0.076591	0.251130	0.030606	H
80	L	0.641679	0.121430	0.209435	0.027457	H
81	K	0.527947	0.170480	0.265920	0.035652	H
82	L	0.337964	0.164669	0.423464	0.073903	C
83	S	0.308779	0.167882	0.473402	0.049937	C
84	F	0.089021	0.180562	0.637420	0.092998	C
85	P	0.163880	0.107932	0.619998	0.108190	C
86	E	0.109566	0.161285	0.569781	0.159369	C
87	G	0.089572	0.248557	0.535005	0.126866	C
88	F	0.009387	0.329600	0.560565	0.100449	C
89	K	0.093177	0.518452	0.315489	0.072882	E
90	W	0.009571	0.673416	0.248306	0.068707	E
91	E	0.009130	0.761377	0.196782	0.032712	E
92	R	0.008677	0.635179	0.322087	0.034057	E
93	V	0.009049	0.689300	0.236337	0.065314	E
94	M	0.009588	0.700960	0.225510	0.063943	E
95	N	0.040892	0.632378	0.254981	0.071748	E
96	F	0.038343	0.470401	0.389021	0.102235	E
97	E	0.137356	0.327728	0.440063	0.094853	C
98	D	0.103111	0.318504	0.483566	0.094819	C
99	G	0.108439	0.238484	0.569004	0.084072	C
100	G	0.009847	0.474385	0.433251	0.082516	E
101	V	0.009717	0.704569	0.233014	0.052701	E
102	V	0.009880	0.821153	0.150089	0.018879	E
103	T	0.008533	0.788205	0.158426	0.044836	E
104	V	0.009337	0.680641	0.278614	0.031407	E
105	T	0.061562	0.691524	0.192426	0.054487	E
106	Q	0.050678	0.632677	0.269104	0.047540	E
107	D	0.068167	0.658905	0.241892	0.031036	E
108	S	0.009809	0.704140	0.243245	0.042806	E
109	S	0.009469	0.743749	0.201528	0.045254	E
110	L	0.008796	0.651387	0.276477	0.063341	E
111	Q	0.088419	0.549910	0.304008	0.057663	E
112	D	0.086643	0.391753	0.439038	0.082566	C
113	G	0.008328	0.315805	0.575094	0.100773	C
114	E	0.031583	0.615318	0.282876	0.070223	E
115	F	0.009449	0.628652	0.288335	0.073564	E
116	I	0.008736	0.681516	0.241245	0.068503	E
117	Y	0.012820	0.788219	0.169522	0.029439	E
118	K	0.009532	0.806646	0.175147	0.008675	E
119	V	0.009055	0.837484	0.131708	0.021754	E
120	K	0.009637	0.882091	0.062003	0.046269	E
121	L	0.009231	0.727690	0.213177	0.049902	E
122	R	0.009726	0.734626	0.199973	0.055675	E
123	G	0.039670	0.664213	0.223627	0.072490	E
124	T	0.071394	0.469301	0.371404	0.087902	E
125	N	0.093076	0.360639	0.470802	0.075483	C
126	F	0.134628	0.192854	0.553678	0.118840	C
127	P	0.181210	0.071050	0.615895	0.131844	C
128	S	0.119372	0.089280	0.675267	0.116080	C
129	D	0.062062	0.188200	0.630854	0.118884	C
130	G	0.151567	0.118125	0.601450	0.128857	C
131	P	0.199407	0.088346	0.590646	0.121601	C
132	V	0.097994	0.248102	0.548579	0.105325	C
133	M	0.097758	0.234043	0.557682	0.110517	C
134	Q	0.163002	0.144589	0.576557	0.115852	C
135	K	0.233395	0.128393	0.540804	0.097408	C
136	K	0.167997	0.201486	0.531044	0.099474	C
137	T	0.170990	0.327698	0.402676	0.098635	C
138	M	0.130460	0.246326	0.513020	0.110195	C
139	G	0.019586	0.289801	0.562466	0.128147	C
140	W	0.010386	0.415948	0.445167	0.128499	C
141	E	0.009782	0.343620	0.521669	0.124929	C
142	A	0.016783	0.294875	0.572583	0.115760	C
143	C	0.163817	0.225122	0.517110	0.093950	C
144	S	0.228628	0.159951	0.519131	0.092290	C
145	E	0.197450	0.375590	0.374295	0.052665	E
146	R	0.183531	0.505363	0.242028	0.069078	E
147	M	0.065634	0.540227	0.318758	0.075381	E
148	Y	0.020405	0.563993	0.326354	0.089249	E
149	P	0.124284	0.386795	0.412856	0.076065	C
150	E	0.078352	0.286915	0.548689	0.086044	C
151	D	0.080515	0.196733	0.615949	0.106803	C
152	G	0.148388	0.246692	0.522217	0.082702	C
153	A	0.009712	0.471805	0.420829	0.097655	E
154	L	0.021472	0.616820	0.299108	0.062600	E
155	K	0.034114	0.663821	0.246407	0.055659	E
156	G	0.249224	0.533500	0.180311	0.036965	E
157	E	0.198363	0.582830	0.169069	0.049737	E
158	M	0.116494	0.593145	0.242590	0.047772	E
159	K	0.305952	0.506954	0.171865	0.015230	E
160	M	0.184542	0.544986	0.237706	0.032766	E
161	R	0.122896	0.721201	0.123002	0.032901	E
162	L	0.084080	0.570223	0.302250	0.043447	E
163	K	0.031718	0.642786	0.263568	0.061928	E
164	L	0.007883	0.521602	0.386421	0.084093	E
165	K	0.121692	0.341498	0.445915	0.090895	C
166	D	0.070478	0.283137	0.519161	0.127224	C
167	G	0.123945	0.173953	0.578605	0.123497	C
168	G	0.009309	0.338822	0.533811	0.118059	C
169	H	0.009334	0.423419	0.447599	0.119649	C
170	Y	0.009368	0.671495	0.243967	0.075170	E
171	D	0.008753	0.734953	0.213573	0.042721	E
172	A	0.045369	0.751460	0.149342	0.053830	E
173	E	0.002814	0.705224	0.220829	0.071134	E
174	V	0.009832	0.715444	0.230018	0.044706	E
175	K	0.103187	0.558172	0.287494	0.051146	E
176	T	0.078231	0.534450	0.313114	0.074205	E
177	T	0.071710	0.461884	0.397666	0.068740	E
178	Y	0.185913	0.360213	0.391745	0.062129	C
179	K	0.032087	0.389455	0.504884	0.073574	C
180	A	0.081188	0.180442	0.610749	0.127621	C
181	K	0.116876	0.101012	0.653366	0.128746	C
182	K	0.065154	0.168832	0.597945	0.168070	C
183	P	0.038420	0.226632	0.560826	0.174121	C
184	V	0.009310	0.298959	0.528007	0.163724	C
185	Q	0.009584	0.226515	0.585452	0.178450	C
186	L	0.057814	0.134085	0.603140	0.204961	C
187	P	0.074265	0.165498	0.566706	0.193530	C
188	G	0.093636	0.217324	0.535966	0.153073	C
189	A	0.224371	0.135082	0.543173	0.097375	C
190	Y	0.110349	0.188233	0.598484	0.102933	C
191	N	0.117866	0.340932	0.467394	0.073808	C
192	T	0.249243	0.406410	0.262996	0.081350	E
193	N	0.009734	0.512519	0.411398	0.066349	E
194	T	0.065537	0.584674	0.335526	0.014263	E
195	K	0.126998	0.577629	0.275645	0.019728	E
196	L	0.009478	0.570657	0.373996	0.045869	E
197	D	0.035299	0.640102	0.252909	0.071691	E
198	I	0.016537	0.558043	0.321619	0.103801	E
199	T	0.006295	0.433737	0.449138	0.110829	C
200	S	0.114332	0.250072	0.523606	0.111990	C
201	H	0.137831	0.232932	0.517768	0.111468	C
202	N	0.091793	0.189074	0.598973	0.120160	C
203	E	0.149945	0.140559	0.616067	0.093428	C
204	D	0.180315	0.149029	0.583047	0.087609	C
205	Y	0.142466	0.224520	0.549935	0.083079	C
206	T	0.108358	0.370774	0.456168	0.064700	C
207	I	0.125339	0.572356	0.255164	0.047141	E
208	V	0.107802	0.633480	0.223809	0.034909	E
209	E	0.238671	0.734515	0.016937	0.009878	E
210	Q	0.167159	0.672000	0.134025	0.026816	E
211	Y	0.357526	0.582859	0.045250	0.014364	E
212	E	0.352970	0.569598	0.053132	0.024300	E
213	R	0.461793	0.358476	0.166045	0.013686	H
214	N	0.443524	0.364130	0.146843	0.045504	H
215	E	0.329826	0.389995	0.237564	0.042614	E
216	G	0.310735	0.368665	0.265701	0.054898	E
217	R	0.346898	0.271314	0.323040	0.058748	H
218	H	0.245684	0.241518	0.458076	0.054721	C
219	S	0.153208	0.191700	0.560812	0.094280	C
220	T	0.115354	0.152471	0.646597	0.085578	C
221	G	0.185975	0.181194	0.530068	0.102763	C
222	G	0.193157	0.155689	0.549364	0.101790	C
223	M	0.329953	0.158557	0.418388	0.093103	C
224	D	0.500687	0.032927	0.400933	0.065453	H
225	E	0.532264	0.076107	0.327844	0.063785	H
226	L	0.404245	0.131386	0.381945	0.082423	H
227	Y	0.276710	0.073371	0.537616	0.112304	C
228	K	0.095176	0.140392	0.674251	0.090182	C
