> rkretsch_1708751890
#rid	resname	Helix	Beta	Coil	PPII	ss_kind
1	E	0.030513	0.256298	0.630132	0.083056	C
2	F	0.094187	0.312949	0.496789	0.096075	C
3	L	0.046693	0.426932	0.436514	0.089860	C
4	E	0.060582	0.441759	0.396527	0.101132	E
5	G	0.123777	0.415419	0.374269	0.086534	E
6	R	0.193710	0.347967	0.388988	0.069335	C
7	S	0.208716	0.335866	0.387941	0.067478	C
8	D	0.338310	0.287654	0.315010	0.059025	H
9	M	0.350548	0.448024	0.165210	0.036218	E
10	A	0.250418	0.588178	0.120582	0.040822	E
11	L	0.163052	0.558653	0.243479	0.034816	E
12	K	0.161619	0.597037	0.192327	0.049016	E
13	L	0.068644	0.547647	0.301348	0.082361	E
14	V	0.144030	0.412352	0.344221	0.099397	E
15	G	0.159939	0.273708	0.468542	0.097810	C
16	G	0.096213	0.245048	0.553331	0.105409	C
17	G	0.009866	0.283603	0.583595	0.122936	C
18	H	0.034701	0.317445	0.536043	0.111812	C
19	L	0.009763	0.556181	0.383405	0.050650	E
20	I	0.008886	0.646937	0.295492	0.048685	E
21	C	0.066554	0.645465	0.228292	0.059689	E
22	N	0.009247	0.598353	0.326138	0.066262	E
23	L	0.033811	0.597047	0.321942	0.047200	E
24	K	0.071605	0.589160	0.281894	0.057341	E
25	T	0.074669	0.522752	0.350970	0.051608	E
26	T	0.124785	0.439801	0.369057	0.066356	E
27	Y	0.154126	0.360363	0.415100	0.070410	C
28	R	0.135760	0.311738	0.467644	0.084858	C
29	S	0.194785	0.140419	0.557746	0.107050	C
30	K	0.136022	0.117965	0.613431	0.132582	C
31	K	0.090316	0.188054	0.581307	0.140323	C
32	P	0.110193	0.146078	0.591971	0.151758	C
33	A	0.079870	0.169039	0.596981	0.154110	C
34	K	0.142886	0.135105	0.564076	0.157933	C
35	N	0.130799	0.128656	0.596868	0.143677	C
36	L	0.016030	0.263382	0.579511	0.141077	C
37	K	0.009505	0.218922	0.602359	0.169214	C
38	M	0.048215	0.140754	0.636380	0.174651	C
39	P	0.009660	0.244059	0.586007	0.160274	C
40	G	0.032965	0.228589	0.578877	0.159570	C
41	V	0.134071	0.130653	0.653187	0.082089	C
42	Y	0.108870	0.219183	0.595048	0.076899	C
43	Y	0.323701	0.295562	0.352244	0.028493	C
44	V	0.289903	0.315443	0.348478	0.046177	C
45	D	0.117105	0.446265	0.382422	0.054208	E
46	R	0.143774	0.546043	0.291897	0.018286	E
47	R	0.168265	0.475709	0.328583	0.027444	E
48	L	0.009711	0.599838	0.315536	0.074916	E
49	E	0.076991	0.562931	0.265203	0.094874	E
50	R	0.009776	0.578577	0.323176	0.088470	E
51	I	0.045609	0.461102	0.435965	0.057324	E
52	K	0.072369	0.410867	0.427236	0.089527	C
53	E	0.162887	0.228041	0.513845	0.095227	C
54	A	0.129022	0.181423	0.577402	0.112153	C
55	D	0.165801	0.107173	0.625050	0.101977	C
56	K	0.208678	0.088595	0.606291	0.096436	C
57	E	0.088470	0.230087	0.584122	0.097322	C
58	T	0.047357	0.316951	0.541805	0.093887	C
59	Y	0.114145	0.530636	0.271194	0.084025	E
60	V	0.107990	0.607376	0.250932	0.033702	E
61	E	0.157035	0.687545	0.135063	0.020356	E
62	Q	0.249517	0.574840	0.131081	0.044562	E
63	H	0.318580	0.463878	0.190197	0.027346	E
64	E	0.553029	0.311481	0.112173	0.023317	H
65	V	0.465690	0.299447	0.210040	0.024823	H
66	A	0.500527	0.316755	0.149581	0.033136	H
67	V	0.373854	0.326444	0.264770	0.034932	H
68	A	0.319385	0.321743	0.307893	0.050978	E
69	R	0.302362	0.280483	0.356379	0.060775	C
70	Y	0.197964	0.239937	0.493725	0.068374	C
71	C	0.135026	0.240227	0.545893	0.078854	C
72	D	0.059163	0.174221	0.654289	0.112327	C
73	L	0.055424	0.142420	0.691595	0.110561	C
74	P	0.197949	0.157556	0.542415	0.102081	C
75	S	0.358619	0.176115	0.381502	0.083763	C
76	K	0.316451	0.124273	0.477208	0.082069	C
77	L	0.305928	0.145066	0.437454	0.111553	C
78	G	0.258543	0.142531	0.473409	0.125517	C
79	H	0.155821	0.125260	0.611786	0.107133	C
80	K	0.161990	0.086878	0.606130	0.145002	C
81	G	0.106879	0.097956	0.656567	0.138598	C
82	G	0.022679	0.110438	0.719185	0.147699	C
83	T	0.057681	0.146210	0.655288	0.140820	C
84	G	0.128392	0.149047	0.586661	0.135901	C
85	G	0.119538	0.103487	0.635894	0.141081	C
86	S	0.148584	0.136615	0.600760	0.114042	C
87	M	0.293604	0.124007	0.489362	0.093027	C
88	S	0.312509	0.074685	0.516251	0.096555	C
89	E	0.378308	0.027352	0.497310	0.097030	C
90	L	0.349542	0.061115	0.510094	0.079249	C
91	I	0.266346	0.141659	0.482369	0.109627	C
92	T	0.242991	0.104591	0.517425	0.134992	C
93	E	0.199275	0.121435	0.555834	0.123456	C
94	N	0.104578	0.142478	0.627214	0.125731	C
95	M	0.072578	0.315821	0.505908	0.105692	C
96	H	0.009604	0.522386	0.377919	0.090090	E
97	M	0.009347	0.659453	0.264980	0.066220	E
98	K	0.008676	0.858951	0.078248	0.054125	E
99	L	0.008989	0.822188	0.117946	0.050877	E
100	Y	0.009332	0.924735	0.038240	0.027693	E
101	M	0.009226	0.802688	0.158532	0.029554	E
102	E	0.098547	0.707940	0.149439	0.044074	E
103	G	0.009360	0.612510	0.286801	0.091329	E
104	T	0.029983	0.442228	0.431846	0.095943	E
105	V	0.009445	0.453282	0.460894	0.076380	C
106	N	0.050352	0.290618	0.584328	0.074703	C
107	N	0.005973	0.274251	0.603431	0.116345	C
108	H	0.023552	0.368734	0.522092	0.085622	C
109	H	0.023318	0.450014	0.408010	0.118659	E
110	F	0.008396	0.657668	0.271147	0.062789	E
111	K	0.009528	0.877823	0.063618	0.049031	E
112	C	0.008906	0.873647	0.059581	0.057867	E
113	T	0.040264	0.834543	0.069526	0.055666	E
114	S	0.008662	0.659716	0.229546	0.102077	E
115	E	0.009862	0.559948	0.318197	0.111993	E
116	G	0.009834	0.481180	0.419660	0.089326	E
117	E	0.009489	0.464152	0.391609	0.134751	E
118	G	0.129467	0.330014	0.421920	0.118599	C
119	K	0.009584	0.405023	0.456528	0.128865	C
120	P	0.065308	0.254227	0.537343	0.143122	C
121	Y	0.027163	0.262662	0.554321	0.155854	C
122	E	0.013824	0.239207	0.608753	0.138216	C
123	G	0.155740	0.314689	0.419004	0.110567	C
124	T	0.009811	0.533922	0.372946	0.083321	E
125	Q	0.100265	0.582948	0.268002	0.048785	E
126	T	0.085741	0.616116	0.235819	0.062324	E
127	M	0.012231	0.731296	0.201080	0.055393	E
128	R	0.009643	0.689022	0.244121	0.057215	E
129	I	0.009088	0.743318	0.198326	0.049268	E
130	K	0.043663	0.811308	0.110004	0.035024	E
131	V	0.006056	0.765837	0.184529	0.043578	E
132	V	0.003883	0.599879	0.318017	0.078221	E
133	E	0.129584	0.337368	0.450663	0.082384	C
134	G	0.086127	0.223480	0.546672	0.143721	C
135	G	0.009787	0.293140	0.537504	0.159569	C
136	P	0.149365	0.265744	0.459280	0.125611	C
137	L	0.009395	0.289027	0.559073	0.142505	C
138	P	0.009539	0.316592	0.561738	0.112131	C
139	F	0.125189	0.343558	0.426105	0.105148	C
140	A	0.045205	0.339466	0.511563	0.103766	C
141	F	0.246462	0.314304	0.372243	0.066990	C
142	D	0.443649	0.143833	0.360836	0.051681	H
143	I	0.313342	0.287023	0.338755	0.060880	C
144	L	0.240962	0.356953	0.347411	0.054674	E
145	A	0.307087	0.224929	0.415317	0.052668	C
146	T	0.307700	0.152955	0.476898	0.062448	C
147	S	0.252973	0.222923	0.471167	0.052937	C
148	F	0.293738	0.248011	0.414087	0.044164	C
149	S	0.181145	0.228035	0.546756	0.044064	C
150	K	0.235033	0.247060	0.425793	0.092114	C
151	T	0.218969	0.378249	0.352628	0.050155	E
152	F	0.132026	0.376861	0.415039	0.076074	C
153	I	0.129061	0.319796	0.483786	0.067358	C
154	N	0.167595	0.274226	0.469596	0.088583	C
155	H	0.047325	0.250074	0.597173	0.105428	C
156	T	0.106612	0.180223	0.611020	0.102145	C
157	Q	0.224264	0.093931	0.596709	0.085096	C
158	G	0.201309	0.009633	0.692887	0.096171	C
159	I	0.190915	0.075576	0.624955	0.108555	C
160	P	0.318703	0.121925	0.478058	0.081315	C
161	D	0.546250	0.012015	0.383571	0.058164	H
162	F	0.637333	0.068403	0.266828	0.027436	H
163	F	0.682524	0.079678	0.193382	0.044417	H
164	K	0.584054	0.127187	0.245368	0.043392	H
165	Q	0.515927	0.084609	0.340951	0.058513	H
166	S	0.383066	0.212738	0.349930	0.054265	H
167	F	0.233502	0.174887	0.513231	0.078380	C
168	P	0.208884	0.144272	0.531669	0.115176	C
169	E	0.164417	0.138670	0.547619	0.149294	C
170	G	0.127837	0.219727	0.533057	0.119378	C
171	F	0.009792	0.275169	0.620622	0.094417	C
172	T	0.104839	0.471020	0.352539	0.071602	E
173	W	0.009504	0.620326	0.288643	0.081527	E
174	E	0.009550	0.754471	0.202712	0.033267	E
175	R	0.008847	0.629775	0.328923	0.032456	E
176	V	0.009228	0.654165	0.260901	0.075706	E
177	T	0.009581	0.733310	0.198705	0.058403	E
178	T	0.009861	0.622971	0.297349	0.069819	E
179	Y	0.051770	0.464761	0.381706	0.101763	E
180	E	0.135693	0.320281	0.449249	0.094778	C
181	D	0.106103	0.286138	0.510917	0.096842	C
182	G	0.111401	0.211480	0.590558	0.086561	C
183	G	0.009685	0.425137	0.470384	0.094795	C
184	V	0.009544	0.642450	0.281291	0.066715	E
185	L	0.027022	0.755688	0.176427	0.040863	E
186	T	0.009580	0.701217	0.231057	0.058146	E
187	A	0.009849	0.676191	0.266700	0.047260	E
188	T	0.089281	0.654282	0.204049	0.052388	E
189	Q	0.046845	0.602104	0.306207	0.044844	E
190	D	0.083125	0.623869	0.259359	0.033647	E
191	T	0.003787	0.682911	0.266655	0.046647	E
192	S	0.009592	0.712248	0.227911	0.050249	E
193	L	0.009024	0.628200	0.298280	0.064496	E
194	Q	0.068412	0.536669	0.330702	0.064218	E
195	D	0.102769	0.372009	0.449083	0.076138	C
196	G	0.009754	0.307299	0.580498	0.102449	C
197	C	0.058103	0.603265	0.251076	0.087556	E
198	L	0.009044	0.663318	0.263398	0.064240	E
199	I	0.008556	0.606676	0.310436	0.074332	E
200	Y	0.026241	0.746526	0.187705	0.039528	E
201	N	0.009646	0.789894	0.175885	0.024575	E
202	V	0.009516	0.748579	0.214835	0.027070	E
203	K	0.009289	0.795679	0.149221	0.045811	E
204	I	0.009437	0.686144	0.257599	0.046819	E
205	R	0.009658	0.660517	0.277615	0.052210	E
206	G	0.016737	0.629467	0.278277	0.075519	E
207	V	0.084940	0.396786	0.425117	0.093156	C
208	N	0.068140	0.343660	0.504651	0.083549	C
209	F	0.138930	0.158975	0.575701	0.126394	C
210	P	0.176729	0.070901	0.625499	0.126872	C
211	S	0.094238	0.120024	0.666146	0.119592	C
212	N	0.069706	0.173624	0.648116	0.108554	C
213	G	0.152175	0.112506	0.609100	0.126220	C
214	P	0.157273	0.117419	0.604118	0.121190	C
215	V	0.089171	0.237085	0.568859	0.104886	C
216	M	0.099301	0.221864	0.570779	0.108056	C
217	Q	0.145528	0.146575	0.589850	0.118046	C
218	K	0.206852	0.141684	0.551086	0.100377	C
219	K	0.131839	0.201945	0.558808	0.107408	C
220	T	0.139769	0.292121	0.462815	0.105295	C
221	L	0.098265	0.229738	0.551975	0.120022	C
222	G	0.026734	0.260983	0.579646	0.132637	C
223	W	0.042594	0.356293	0.476124	0.124989	C
224	E	0.033177	0.344886	0.506132	0.115805	C
225	A	0.040552	0.265988	0.577930	0.115531	C
226	S	0.118689	0.276692	0.515804	0.088814	C
227	T	0.126288	0.290783	0.489477	0.093452	C
228	E	0.098086	0.467370	0.347760	0.086784	E
229	M	0.024263	0.542108	0.315772	0.117856	E
230	L	0.009808	0.610872	0.296542	0.082778	E
231	Y	0.009505	0.582379	0.312872	0.095243	E
232	P	0.080036	0.494151	0.358796	0.067017	E
233	A	0.028956	0.380372	0.502067	0.088605	C
234	D	0.068826	0.235539	0.598061	0.097574	C
235	E	0.048532	0.303079	0.548773	0.099616	C
236	F	0.009319	0.428595	0.453354	0.108731	C
237	L	0.009560	0.553103	0.367151	0.070186	E
238	E	0.040330	0.603831	0.285144	0.070695	E
239	G	0.211952	0.524480	0.219604	0.043964	E
240	R	0.176049	0.567718	0.210802	0.045430	E
241	S	0.128450	0.572113	0.260470	0.038966	E
242	D	0.273012	0.505073	0.190975	0.030940	E
243	M	0.220174	0.544304	0.202000	0.033522	E
244	A	0.142616	0.686028	0.155502	0.015854	E
245	L	0.040164	0.623028	0.296643	0.040165	E
246	K	0.073992	0.620568	0.248290	0.057150	E
247	L	0.009761	0.501578	0.414932	0.073728	E
248	V	0.090773	0.410621	0.408420	0.090186	E
249	G	0.147374	0.271044	0.484045	0.097537	C
250	G	0.096518	0.253433	0.539371	0.110678	C
251	G	0.001135	0.366266	0.520407	0.112192	C
252	H	0.009612	0.446641	0.438471	0.105276	E
253	L	0.008971	0.676292	0.251648	0.063089	E
254	I	0.008905	0.764737	0.172259	0.054099	E
255	C	0.051697	0.714560	0.148976	0.084766	E
256	N	0.008991	0.664349	0.254643	0.072017	E
257	L	0.009664	0.667398	0.268244	0.054693	E
258	K	0.186411	0.525394	0.244090	0.044105	E
259	T	0.166342	0.514563	0.277542	0.041553	E
260	T	0.233634	0.371030	0.367461	0.027876	E
261	Y	0.194448	0.332223	0.422870	0.050459	C
262	R	0.034195	0.404244	0.503641	0.057919	C
263	S	0.250583	0.105958	0.531170	0.112288	C
264	K	0.188105	0.097313	0.602328	0.112254	C
265	K	0.152484	0.158032	0.561245	0.128239	C
266	P	0.169115	0.045882	0.653589	0.131414	C
267	A	0.176781	0.080105	0.600343	0.142771	C
268	K	0.116148	0.102511	0.616566	0.164775	C
269	N	0.163217	0.071182	0.621254	0.144347	C
270	L	0.002822	0.187176	0.660537	0.149464	C
271	K	0.031613	0.162620	0.633413	0.172354	C
272	M	0.086087	0.118419	0.623246	0.172247	C
273	P	0.030568	0.288134	0.511871	0.169427	C
274	G	0.009870	0.277241	0.553225	0.159663	C
275	V	0.122192	0.184114	0.558465	0.135229	C
276	Y	0.053221	0.359885	0.490723	0.096171	C
277	Y	0.134476	0.526028	0.265426	0.074070	E
278	V	0.097898	0.538342	0.287866	0.075894	E
279	D	0.003948	0.630512	0.302200	0.063340	E
280	R	0.031928	0.763204	0.194982	0.009886	E
281	R	0.153167	0.668400	0.151867	0.026566	E
282	L	0.009797	0.672910	0.273236	0.044057	E
283	E	0.069662	0.656299	0.210570	0.063469	E
284	R	0.009727	0.650797	0.256536	0.082939	E
285	I	0.022521	0.551338	0.354671	0.071470	E
286	K	0.084666	0.405228	0.421393	0.088714	C
287	E	0.131088	0.260207	0.522135	0.086570	C
288	A	0.136903	0.183688	0.567977	0.111432	C
289	D	0.187578	0.121301	0.607598	0.083523	C
290	K	0.256102	0.129776	0.534678	0.079443	C
291	E	0.188254	0.239351	0.497031	0.075363	C
292	T	0.113645	0.318544	0.498227	0.069584	C
293	Y	0.238430	0.416403	0.280531	0.064637	E
294	V	0.258132	0.470914	0.256030	0.014924	E
295	E	0.289718	0.573713	0.126758	0.009810	E
296	Q	0.293900	0.590295	0.098443	0.017362	E
297	H	0.434959	0.385680	0.159519	0.019842	H
298	E	0.469955	0.425576	0.079768	0.024701	H
299	V	0.478369	0.313405	0.188764	0.019462	H
300	A	0.423681	0.391928	0.165223	0.019168	H
301	V	0.347333	0.375037	0.240248	0.037381	E
302	A	0.219774	0.413109	0.307690	0.059427	E
303	R	0.175421	0.316895	0.443175	0.064510	C
304	Y	0.090997	0.277846	0.549624	0.081533	C
305	C	0.063333	0.281236	0.544400	0.111031	C
306	D	0.051061	0.213561	0.612891	0.122487	C
307	L	0.044862	0.168227	0.647510	0.139400	C
308	P	0.127478	0.195316	0.551701	0.125505	C
309	S	0.243652	0.186957	0.450050	0.119342	C
310	K	0.286741	0.121454	0.474148	0.117657	C
311	L	0.165042	0.200230	0.496909	0.137819	C
312	G	0.151734	0.156840	0.552878	0.138548	C
313	H	0.084620	0.174232	0.610721	0.130427	C
314	K	0.124335	0.092828	0.617122	0.165716	C
315	G	0.137454	0.112420	0.597702	0.152424	C
316	G	0.094950	0.091479	0.669991	0.143580	C
317	T	0.166149	0.065479	0.622485	0.145887	C
318	G	0.279124	0.087393	0.526264	0.107219	C
319	G	0.281704	0.058873	0.553208	0.106215	C
320	S	0.357594	0.067407	0.499248	0.075751	C
321	M	0.429253	0.101250	0.394546	0.074951	H
322	S	0.434846	0.060679	0.427625	0.076850	H
323	E	0.481610	0.009891	0.439887	0.068612	H
324	L	0.451944	0.009794	0.486126	0.052135	C
325	I	0.363194	0.110493	0.448319	0.077994	C
326	T	0.306400	0.101915	0.488589	0.103097	C
327	E	0.239114	0.106044	0.554999	0.099842	C
328	N	0.153960	0.147632	0.595763	0.102645	C
329	M	0.091534	0.295212	0.515725	0.097528	C
330	H	0.009734	0.526879	0.371072	0.092315	E
331	M	0.009640	0.685008	0.242243	0.063110	E
332	K	0.008718	0.839778	0.093591	0.057912	E
333	L	0.009126	0.798899	0.141971	0.050004	E
334	Y	0.009386	0.909858	0.051679	0.029078	E
335	M	0.009312	0.796653	0.164363	0.029673	E
336	E	0.109019	0.703725	0.143694	0.043561	E
337	G	0.009404	0.611977	0.283748	0.094871	E
338	T	0.039355	0.437745	0.427315	0.095585	E
339	V	0.009469	0.457208	0.453002	0.080320	E
340	N	0.057813	0.290679	0.575711	0.075796	C
341	N	0.011592	0.292430	0.584083	0.111896	C
342	H	0.029752	0.409689	0.484673	0.075886	C
343	H	0.017399	0.432717	0.431402	0.118481	E
344	F	0.008667	0.670416	0.261556	0.059361	E
345	K	0.009836	0.880826	0.060136	0.049202	E
346	C	0.008881	0.878525	0.053605	0.058988	E
347	T	0.035160	0.808010	0.096738	0.060092	E
348	S	0.008685	0.649299	0.236211	0.105804	E
349	E	0.009768	0.567088	0.311140	0.112005	E
350	G	0.009755	0.486139	0.412331	0.091775	E
351	E	0.006674	0.459493	0.399393	0.134440	E
352	G	0.125779	0.326841	0.430051	0.117329	C
353	K	0.009562	0.399474	0.464555	0.126409	C
354	P	0.071853	0.250081	0.538534	0.139532	C
355	Y	0.030138	0.265265	0.552321	0.152276	C
356	E	0.029250	0.237242	0.597173	0.136335	C
357	G	0.161955	0.317057	0.412856	0.108133	C
358	T	0.001877	0.534405	0.378974	0.084744	E
359	Q	0.108596	0.574974	0.269011	0.047418	E
360	T	0.090266	0.607702	0.238734	0.063298	E
361	M	0.021187	0.726566	0.198722	0.053524	E
362	R	0.009708	0.684403	0.247024	0.058865	E
363	I	0.009147	0.744429	0.196943	0.049481	E
364	K	0.045367	0.806908	0.111876	0.035849	E
365	V	0.009581	0.763052	0.184111	0.043255	E
366	V	0.007028	0.600044	0.315395	0.077533	E
367	E	0.133576	0.333497	0.450647	0.082280	C
368	G	0.090625	0.224738	0.542467	0.142170	C
369	G	0.009680	0.293186	0.537912	0.159222	C
370	P	0.141544	0.265621	0.469786	0.123049	C
371	L	0.009325	0.282612	0.564118	0.143946	C
372	P	0.009593	0.312497	0.563416	0.114494	C
373	F	0.125855	0.342556	0.426869	0.104720	C
374	A	0.046969	0.339618	0.510700	0.102712	C
375	F	0.242569	0.317984	0.372444	0.067003	C
376	D	0.428666	0.152130	0.366353	0.052851	H
377	I	0.309966	0.297270	0.333030	0.059733	C
378	L	0.225328	0.366534	0.351465	0.056673	E
379	A	0.296516	0.231002	0.418779	0.053704	C
380	T	0.296067	0.167671	0.476700	0.059562	C
381	S	0.240024	0.228540	0.478684	0.052751	C
382	F	0.292024	0.248141	0.415049	0.044787	C
383	S	0.183544	0.229686	0.542958	0.043811	C
384	K	0.240098	0.248084	0.420492	0.091326	C
385	T	0.226208	0.377507	0.347057	0.049228	E
386	F	0.137838	0.374848	0.411873	0.075441	C
387	I	0.134448	0.314381	0.482530	0.068641	C
388	N	0.171957	0.273624	0.466402	0.088017	C
389	H	0.052059	0.251520	0.591904	0.104517	C
390	T	0.110276	0.178256	0.608582	0.102885	C
391	Q	0.225396	0.097357	0.592181	0.085065	C
392	G	0.207449	0.009585	0.687568	0.095399	C
393	I	0.194804	0.073869	0.622901	0.108426	C
394	P	0.318803	0.118356	0.479858	0.082983	C
395	D	0.510213	0.015417	0.407298	0.067071	H
396	F	0.636576	0.060608	0.276139	0.026677	H
397	F	0.662088	0.080849	0.209919	0.047144	H
398	K	0.594265	0.138422	0.227841	0.039472	H
399	Q	0.526071	0.090786	0.323291	0.059852	H
400	S	0.387414	0.210535	0.344560	0.057492	H
401	F	0.231477	0.179323	0.511303	0.077896	C
402	P	0.205501	0.145276	0.534153	0.115069	C
403	E	0.159865	0.140272	0.550774	0.149089	C
404	G	0.126870	0.216127	0.538026	0.118978	C
405	F	0.009785	0.268938	0.626779	0.094499	C
406	T	0.099577	0.469672	0.357905	0.072845	E
407	W	0.009501	0.624265	0.285629	0.080605	E
408	E	0.009551	0.754414	0.202596	0.033440	E
409	R	0.008814	0.628010	0.330459	0.032717	E
410	V	0.009212	0.652054	0.263722	0.075012	E
411	T	0.009554	0.733187	0.197069	0.060190	E
412	T	0.009869	0.625379	0.294354	0.070398	E
413	Y	0.047834	0.468451	0.375238	0.108477	E
414	E	0.127101	0.332387	0.444292	0.096220	C
415	D	0.113578	0.299110	0.489400	0.097912	C
416	G	0.130102	0.225811	0.558838	0.085249	C
417	G	0.009787	0.436580	0.459338	0.094295	C
418	V	0.009648	0.649575	0.276422	0.064355	E
419	L	0.041393	0.740184	0.177954	0.040469	E
420	T	0.009582	0.687013	0.243939	0.059466	E
421	A	0.017532	0.670090	0.268713	0.043665	E
422	T	0.103983	0.631618	0.209948	0.054451	E
423	Q	0.056345	0.594890	0.304216	0.044549	E
424	D	0.084721	0.616889	0.260154	0.038236	E
425	T	0.006335	0.681065	0.264909	0.047691	E
426	S	0.009571	0.715237	0.225251	0.049941	E
427	L	0.008998	0.634978	0.291382	0.064642	E
428	Q	0.071723	0.532916	0.328398	0.066962	E
429	D	0.095602	0.363105	0.462003	0.079290	C
430	G	0.009794	0.300409	0.583458	0.106340	C
431	C	0.039221	0.601179	0.274070	0.085529	E
432	L	0.009073	0.641974	0.280384	0.068569	E
433	I	0.008434	0.593158	0.324105	0.074302	E
434	Y	0.026286	0.714772	0.223260	0.035681	E
435	N	0.009781	0.773602	0.197143	0.019474	E
436	V	0.009529	0.762949	0.198462	0.029061	E
437	K	0.009767	0.802017	0.147446	0.040770	E
438	I	0.009109	0.668310	0.273991	0.048590	E
439	R	0.009528	0.677190	0.265222	0.048060	E
440	G	0.011524	0.654993	0.256367	0.077116	E
441	V	0.116797	0.390476	0.406906	0.085821	C
442	N	0.068411	0.344409	0.501550	0.085630	C
443	F	0.141683	0.164914	0.565506	0.127898	C
444	P	0.178764	0.077997	0.615056	0.128182	C
445	S	0.093439	0.115092	0.670011	0.121458	C
446	N	0.070472	0.176737	0.641974	0.110817	C
447	G	0.151345	0.111675	0.609676	0.127304	C
448	P	0.148826	0.118440	0.609668	0.123065	C
449	V	0.084747	0.237134	0.572053	0.106066	C
450	M	0.091597	0.221834	0.575963	0.110606	C
451	Q	0.145542	0.141365	0.594478	0.118616	C
452	K	0.210248	0.128418	0.561744	0.099591	C
453	K	0.144250	0.209800	0.541055	0.104895	C
454	T	0.149958	0.304431	0.441395	0.104215	C
455	L	0.122861	0.230497	0.528742	0.117901	C
456	G	0.052242	0.256876	0.559766	0.131116	C
457	W	0.048541	0.358146	0.468986	0.124327	C
458	E	0.040629	0.344642	0.499653	0.115075	C
459	A	0.048491	0.262674	0.572029	0.116806	C
460	S	0.122920	0.275079	0.515747	0.086254	C
461	T	0.135294	0.282927	0.490710	0.091070	C
462	E	0.124926	0.449473	0.342301	0.083299	E
463	M	0.021858	0.544246	0.318855	0.115041	E
464	L	0.009668	0.603694	0.301969	0.084669	E
465	Y	0.009489	0.579824	0.316846	0.093841	E
466	P	0.066486	0.498359	0.371717	0.063437	E
467	A	0.029090	0.380979	0.501944	0.087986	C
468	D	0.059860	0.231459	0.606211	0.102470	C
469	E	0.060882	0.268293	0.575656	0.095170	C
470	F	0.009420	0.426700	0.458584	0.105297	C
471	L	0.009473	0.557532	0.367003	0.065992	E
472	E	0.041404	0.605304	0.283576	0.069716	E
473	G	0.210167	0.530553	0.216999	0.042280	E
474	R	0.167829	0.583254	0.206243	0.042674	E
475	S	0.117039	0.589946	0.255843	0.037172	E
476	D	0.258460	0.527506	0.184613	0.029421	E
477	M	0.200602	0.568596	0.197156	0.033646	E
478	A	0.130518	0.699671	0.155727	0.014084	E
479	L	0.017022	0.657056	0.286449	0.039473	E
480	K	0.053365	0.649158	0.242061	0.055417	E
481	L	0.009675	0.520648	0.399281	0.070396	E
482	V	0.082965	0.417598	0.408338	0.091098	E
483	G	0.141119	0.267705	0.494944	0.096232	C
484	G	0.096183	0.257169	0.536558	0.110090	C
485	G	0.009786	0.371761	0.509153	0.109300	C
486	H	0.009387	0.471298	0.414765	0.104549	E
487	L	0.008892	0.686989	0.241764	0.062354	E
488	I	0.008879	0.771547	0.162709	0.056865	E
489	C	0.021225	0.736667	0.151853	0.090256	E
490	N	0.008876	0.678801	0.238128	0.074195	E
491	L	0.009431	0.688735	0.249270	0.052564	E
492	K	0.128605	0.580175	0.242723	0.048496	E
493	T	0.095872	0.523771	0.327761	0.052596	E
494	T	0.181576	0.449806	0.334244	0.034375	E
495	Y	0.142493	0.408315	0.393346	0.055846	E
496	R	0.037665	0.452256	0.436549	0.073530	E
497	S	0.205730	0.125365	0.546478	0.122427	C
498	K	0.184707	0.080286	0.614506	0.120502	C
499	K	0.150412	0.169824	0.548398	0.131366	C
500	P	0.155902	0.072518	0.638539	0.133041	C
501	A	0.188542	0.090145	0.578819	0.142493	C
502	K	0.123325	0.114206	0.602691	0.159778	C
503	N	0.165295	0.085557	0.609457	0.139691	C
504	L	0.003502	0.204730	0.647116	0.144651	C
505	K	0.036301	0.178455	0.621712	0.163531	C
506	M	0.081729	0.136592	0.614206	0.167473	C
507	P	0.032477	0.293629	0.510317	0.163577	C
508	G	0.001261	0.294966	0.543793	0.159980	C
509	V	0.141074	0.168291	0.559077	0.131558	C
510	Y	0.070867	0.345531	0.483752	0.099850	C
511	Y	0.157879	0.515048	0.250501	0.076572	E
512	V	0.141577	0.506997	0.273807	0.077620	E
513	D	0.018906	0.630321	0.282900	0.067873	E
514	R	0.063720	0.781645	0.151626	0.003010	E
515	R	0.159451	0.657930	0.163101	0.019517	E
516	L	0.012857	0.638610	0.305764	0.042769	E
517	E	0.088902	0.629903	0.218192	0.063004	E
518	R	0.014843	0.633934	0.262608	0.088616	E
519	I	0.053642	0.509321	0.358765	0.078272	E
520	K	0.088382	0.411635	0.409598	0.090385	E
521	E	0.112784	0.280929	0.511118	0.095169	C
522	A	0.131773	0.188539	0.566343	0.113345	C
523	D	0.211950	0.126830	0.586723	0.074498	C
524	K	0.261841	0.148531	0.520497	0.069131	C
525	E	0.155374	0.246689	0.522604	0.075333	C
526	T	0.107115	0.310232	0.513177	0.069476	C
527	Y	0.179008	0.439742	0.309974	0.071276	E
528	V	0.168800	0.513147	0.293504	0.024548	E
529	E	0.258962	0.587377	0.146007	0.007653	E
530	Q	0.263997	0.556064	0.146539	0.033400	E
531	H	0.452117	0.323297	0.193153	0.031433	H
532	E	0.520831	0.369080	0.072221	0.037868	H
533	V	0.523940	0.266562	0.184001	0.025497	H
534	A	0.448485	0.336072	0.189761	0.025682	H
535	V	0.353553	0.335616	0.271141	0.039690	H
536	A	0.219803	0.367962	0.351123	0.061112	E
537	R	0.182648	0.292519	0.451203	0.073629	C
538	Y	0.102794	0.258263	0.555637	0.083305	C
539	C	0.067082	0.243487	0.572228	0.117202	C
540	D	0.034963	0.206790	0.628972	0.129275	C
541	L	0.053257	0.150019	0.650420	0.146303	C
542	P	0.145889	0.183275	0.541197	0.129639	C
543	S	0.302845	0.162498	0.418810	0.115847	C
544	K	0.347291	0.113372	0.431016	0.108321	C
545	L	0.242721	0.166322	0.466092	0.124864	C
546	G	0.246258	0.123775	0.511872	0.118095	C
547	H	0.172560	0.172576	0.531955	0.122908	C
548	K	0.154500	0.080860	0.613114	0.151526	C
549	G	0.135474	0.089077	0.615226	0.160223	C
550	G	0.085046	0.089864	0.677587	0.147503	C
551	T	0.149391	0.090900	0.620667	0.139042	C
552	G	0.222667	0.107925	0.543062	0.126345	C
553	G	0.195050	0.070672	0.599925	0.134353	C
554	S	0.276487	0.117085	0.513541	0.092887	C
555	M	0.345052	0.138049	0.436882	0.080018	C
556	S	0.429005	0.082934	0.415486	0.072575	H
557	E	0.411318	0.124829	0.385580	0.078274	H
558	L	0.403108	0.100648	0.434264	0.061979	C
559	I	0.339575	0.151009	0.432523	0.076892	C
560	T	0.252755	0.133600	0.501140	0.112504	C
561	E	0.204764	0.115545	0.564145	0.115546	C
562	N	0.102290	0.172840	0.602950	0.121920	C
563	M	0.075787	0.314735	0.498882	0.110596	C
564	H	0.009511	0.521911	0.370293	0.098285	E
565	M	0.009531	0.673650	0.247148	0.069671	E
566	K	0.008579	0.839873	0.090531	0.061016	E
567	L	0.009092	0.801774	0.138367	0.050767	E
568	Y	0.009373	0.915773	0.046366	0.028487	E
569	M	0.009282	0.796084	0.165520	0.029115	E
570	E	0.109613	0.703102	0.143881	0.043404	E
571	G	0.009410	0.613176	0.282737	0.094677	E
572	T	0.039430	0.438193	0.426806	0.095571	E
573	V	0.009461	0.457454	0.453018	0.080067	E
574	N	0.056745	0.292149	0.575001	0.076105	C
575	N	0.011940	0.291658	0.584255	0.112148	C
576	H	0.033444	0.406091	0.483753	0.076712	C
577	H	0.023590	0.424603	0.431936	0.119871	C
578	F	0.008709	0.671035	0.259162	0.061093	E
579	K	0.009780	0.856996	0.078849	0.054374	E
580	C	0.008965	0.871337	0.062490	0.057208	E
581	T	0.016536	0.800970	0.118066	0.064428	E
582	S	0.008797	0.634103	0.250962	0.106137	E
583	E	0.009727	0.551376	0.328050	0.110846	E
584	G	0.009647	0.483042	0.411638	0.095672	E
585	E	0.006031	0.473846	0.387619	0.132504	E
586	G	0.111231	0.349563	0.423336	0.115870	C
587	K	0.009427	0.406702	0.453958	0.129913	C
588	P	0.102551	0.256607	0.504563	0.136279	C
589	Y	0.032110	0.289297	0.534484	0.144108	C
590	E	0.028756	0.254486	0.588323	0.128435	C
591	G	0.181999	0.328384	0.388510	0.101107	C
592	T	0.018376	0.532341	0.368480	0.080803	E
593	Q	0.112464	0.578719	0.264147	0.044671	E
594	T	0.095568	0.599075	0.244040	0.061317	E
595	M	0.014968	0.720654	0.209833	0.054545	E
596	R	0.009606	0.689907	0.243718	0.056769	E
597	I	0.009005	0.756689	0.188042	0.046264	E
598	K	0.041022	0.827880	0.100166	0.030932	E
599	V	0.002296	0.783762	0.171148	0.042795	E
600	V	0.009898	0.606827	0.309032	0.074243	E
601	E	0.145735	0.342205	0.433824	0.078237	C
602	G	0.094014	0.200077	0.558661	0.147248	C
603	G	0.009719	0.281788	0.544318	0.164175	C
604	P	0.106928	0.300542	0.458281	0.134249	C
605	L	0.009584	0.299873	0.543792	0.146752	C
606	P	0.009483	0.363997	0.511240	0.115281	C
607	F	0.085531	0.405827	0.404214	0.104428	E
608	A	0.040824	0.390987	0.475563	0.092627	C
609	F	0.238488	0.347452	0.345890	0.068169	E
610	D	0.428523	0.160554	0.357149	0.053774	H
611	I	0.323864	0.285612	0.326717	0.063806	C
612	L	0.247752	0.342119	0.348616	0.061512	C
613	A	0.322667	0.209281	0.413335	0.054718	C
614	T	0.335791	0.153278	0.449464	0.061467	C
615	S	0.305874	0.205203	0.442148	0.046775	C
616	F	0.331183	0.222673	0.399369	0.046775	C
617	S	0.215603	0.215923	0.529811	0.038663	C
618	K	0.258101	0.270148	0.390228	0.081523	C
619	T	0.231421	0.429716	0.298356	0.040507	E
620	F	0.096871	0.427787	0.391475	0.083867	E
621	I	0.124260	0.344724	0.459378	0.071638	C
622	N	0.155912	0.294190	0.462177	0.087721	C
623	H	0.037515	0.275958	0.579901	0.106626	C
624	T	0.110390	0.174940	0.613286	0.101383	C
625	Q	0.216856	0.091852	0.608649	0.082643	C
626	G	0.207409	0.009526	0.689051	0.094014	C
627	I	0.193172	0.072364	0.626408	0.108055	C
628	P	0.314035	0.119631	0.482846	0.083488	C
629	D	0.499690	0.018106	0.413616	0.068588	H
630	F	0.632124	0.063376	0.277219	0.027281	H
631	F	0.654162	0.085671	0.211973	0.048195	H
632	K	0.578878	0.148126	0.231971	0.041025	H
633	Q	0.517686	0.093382	0.326587	0.062345	H
634	S	0.381977	0.213059	0.345389	0.059574	H
635	F	0.222292	0.184509	0.513594	0.079605	C
636	P	0.201038	0.150444	0.533525	0.114993	C
637	E	0.156360	0.145138	0.549828	0.148674	C
638	G	0.121576	0.219211	0.540701	0.118512	C
639	F	0.009695	0.272977	0.623286	0.094041	C
640	T	0.094103	0.470482	0.364213	0.071202	E
641	W	0.009460	0.620167	0.289760	0.080612	E
642	E	0.009562	0.751708	0.204695	0.034036	E
643	R	0.008729	0.626948	0.331347	0.032976	E
644	V	0.009223	0.648036	0.270587	0.072154	E
645	T	0.009444	0.736341	0.196419	0.057796	E
646	T	0.027315	0.614721	0.288169	0.069795	E
647	Y	0.044072	0.480645	0.371102	0.104182	E
648	E	0.128468	0.340764	0.434326	0.096442	C
649	D	0.111513	0.303991	0.487737	0.096759	C
650	G	0.123903	0.239934	0.548508	0.087655	C
651	G	0.009790	0.436665	0.461454	0.092091	C
652	V	0.009683	0.649341	0.277258	0.063718	E
653	L	0.049294	0.724604	0.185214	0.040888	E
654	T	0.009682	0.684311	0.245426	0.060580	E
655	A	0.029325	0.664353	0.263610	0.042712	E
656	T	0.106589	0.621592	0.216197	0.055621	E
657	Q	0.067490	0.596670	0.294024	0.041816	E
658	D	0.087657	0.614966	0.258184	0.039193	E
659	T	0.012864	0.678701	0.261521	0.046914	E
660	S	0.009661	0.711827	0.230411	0.048102	E
661	L	0.009033	0.637879	0.287833	0.065256	E
662	Q	0.069319	0.535580	0.327287	0.067813	E
663	D	0.090260	0.372126	0.457704	0.079910	C
664	G	0.001850	0.306007	0.585370	0.106773	C
665	C	0.036040	0.614640	0.260512	0.088808	E
666	L	0.008965	0.649216	0.274202	0.067616	E
667	I	0.008682	0.605604	0.312923	0.072791	E
668	Y	0.027576	0.728644	0.214328	0.029451	E
669	N	0.001623	0.815289	0.164449	0.018639	E
670	V	0.009219	0.801241	0.165905	0.023636	E
671	K	0.009451	0.844088	0.104572	0.041888	E
672	I	0.008961	0.717915	0.225504	0.047620	E
673	R	0.009553	0.711771	0.222719	0.055957	E
674	G	0.009791	0.685007	0.229464	0.075738	E
675	V	0.096499	0.411471	0.399651	0.092380	E
676	N	0.062031	0.352426	0.497732	0.087812	C
677	F	0.120653	0.173921	0.578044	0.127382	C
678	P	0.203292	0.065692	0.606515	0.124501	C
679	S	0.095077	0.105597	0.677979	0.121347	C
680	N	0.078473	0.162414	0.645524	0.113589	C
681	G	0.142298	0.100683	0.634607	0.122413	C
682	P	0.154611	0.103334	0.621812	0.120243	C
683	V	0.077583	0.213379	0.602389	0.106650	C
684	M	0.037895	0.213603	0.632146	0.116356	C
685	Q	0.132332	0.152436	0.601295	0.113937	C
686	K	0.237107	0.134308	0.538831	0.089754	C
687	K	0.152081	0.199565	0.548592	0.099762	C
688	T	0.154331	0.247823	0.495636	0.102210	C
689	L	0.138081	0.207234	0.532675	0.122010	C
690	G	0.096794	0.205187	0.562864	0.135155	C
691	W	0.037681	0.320372	0.502280	0.139667	C
692	E	0.030975	0.334989	0.519966	0.114071	C
693	A	0.059464	0.238632	0.582697	0.119207	C
694	S	0.148321	0.276783	0.493927	0.080970	C
695	T	0.119736	0.321713	0.467707	0.090844	C
696	E	0.135887	0.445762	0.338691	0.079660	E
697	M	0.029422	0.532809	0.325287	0.112481	E
698	L	0.009666	0.588688	0.316248	0.085398	E
699	Y	0.009566	0.583980	0.314316	0.092138	E
700	P	0.079853	0.511897	0.348315	0.059935	E
701	A	0.031286	0.391238	0.491686	0.085790	C
702	D	0.083245	0.231832	0.591805	0.093118	C
703	E	0.044114	0.312644	0.556865	0.086377	C
704	F	0.009361	0.467088	0.431846	0.091705	E
705	L	0.009408	0.599540	0.327868	0.063184	E
706	E	0.038399	0.633462	0.262595	0.065544	E
707	G	0.212902	0.552111	0.193098	0.041888	E
708	R	0.176634	0.589842	0.195293	0.038231	E
709	S	0.105754	0.586945	0.270500	0.036801	E
710	D	0.267988	0.513270	0.189194	0.029548	E
711	M	0.222727	0.543447	0.199497	0.034329	E
712	A	0.126604	0.691196	0.162778	0.019422	E
713	L	0.050618	0.636488	0.272716	0.040178	E
714	K	0.103423	0.638528	0.215791	0.042257	E
715	L	0.009847	0.500870	0.411380	0.077903	E
716	V	0.100899	0.343577	0.459607	0.095918	C
717	G	0.148287	0.267338	0.493655	0.090720	C
718	G	0.107092	0.240895	0.549029	0.102985	C
719	G	0.009856	0.357573	0.525481	0.107090	C
720	H	0.009471	0.456141	0.433781	0.100608	E
721	L	0.008873	0.694689	0.235923	0.060515	E
722	I	0.008918	0.769732	0.162156	0.059194	E
723	C	0.009083	0.728409	0.167054	0.095455	E
724	N	0.008968	0.670652	0.247997	0.072383	E
725	L	0.009622	0.689020	0.252856	0.048502	E
726	K	0.145527	0.590349	0.222376	0.041747	E
727	T	0.090425	0.508316	0.351460	0.049800	E
728	T	0.160041	0.484694	0.319356	0.035908	E
729	Y	0.132495	0.416805	0.400151	0.050549	E
730	R	0.022565	0.447342	0.453302	0.076792	C
731	S	0.203960	0.141251	0.529411	0.125378	C
732	K	0.185415	0.065563	0.625205	0.123817	C
733	K	0.123659	0.184395	0.562702	0.129244	C
734	P	0.154299	0.084206	0.626254	0.135241	C
735	A	0.194876	0.100014	0.566702	0.138408	C
736	K	0.141834	0.108926	0.591615	0.157625	C
737	N	0.167453	0.103671	0.588307	0.140569	C
738	L	0.036476	0.205236	0.617940	0.140348	C
739	K	0.031456	0.197545	0.604885	0.166114	C
740	M	0.074441	0.128403	0.619215	0.177941	C
741	P	0.040896	0.292882	0.501490	0.164732	C
742	G	0.004224	0.288556	0.544399	0.162821	C
743	V	0.135185	0.163367	0.562987	0.138461	C
744	Y	0.071661	0.318122	0.508846	0.101370	C
745	Y	0.144976	0.484673	0.284668	0.085682	E
746	V	0.116274	0.521324	0.284184	0.078219	E
747	D	0.028831	0.669799	0.244305	0.057065	E
748	R	0.059101	0.814671	0.116095	0.010132	E
749	R	0.149835	0.685769	0.148099	0.016296	E
750	L	0.030168	0.673230	0.253161	0.043441	E
751	E	0.088213	0.692049	0.159169	0.060569	E
752	R	0.020746	0.657578	0.248291	0.073385	E
753	I	0.064482	0.505630	0.359113	0.070776	E
754	K	0.104950	0.383957	0.424047	0.087046	C
755	E	0.072986	0.276750	0.549679	0.100585	C
756	A	0.122249	0.191279	0.575351	0.111121	C
757	D	0.208041	0.113805	0.598832	0.079322	C
758	K	0.254106	0.136372	0.533608	0.075914	C
759	E	0.158492	0.246492	0.519024	0.075993	C
760	T	0.110628	0.311251	0.508905	0.069216	C
761	Y	0.162197	0.466434	0.294874	0.076495	E
762	V	0.176595	0.544870	0.259465	0.019069	E
763	E	0.258347	0.628319	0.103479	0.009855	E
764	Q	0.249947	0.600666	0.117886	0.031501	E
765	H	0.423139	0.369765	0.180162	0.026934	H
766	E	0.497054	0.418900	0.054021	0.030024	H
767	V	0.476615	0.313115	0.186380	0.023891	H
768	A	0.427703	0.363006	0.184890	0.024401	H
769	V	0.312245	0.384449	0.264254	0.039052	E
770	A	0.227431	0.387082	0.320867	0.064620	E
771	R	0.164587	0.331713	0.432557	0.071142	C
772	Y	0.120311	0.287171	0.510799	0.081718	C
773	C	0.047140	0.315739	0.524859	0.112261	C
774	D	0.049319	0.216677	0.612248	0.121756	C
775	L	0.031705	0.185922	0.642444	0.139930	C
776	P	0.120180	0.210837	0.544724	0.124259	C
777	S	0.241749	0.204160	0.434700	0.119392	C
778	K	0.316208	0.139005	0.430613	0.114173	C
779	L	0.227362	0.178737	0.462308	0.131592	C
780	G	0.196972	0.143786	0.524402	0.134839	C
781	H	0.119757	0.185969	0.561444	0.132830	C
782	K	0.121524	0.104169	0.599347	0.174961	C
783	G	0.103630	0.121125	0.610528	0.164717	C
784	G	0.072491	0.081562	0.692490	0.153456	C
785	T	0.081602	0.062230	0.699199	0.156970	C
786	G	0.168451	0.082708	0.617865	0.130976	C
787	G	0.170548	0.047113	0.649732	0.132607	C
788	S	0.201132	0.126557	0.573975	0.098336	C
789	M	0.345031	0.107755	0.462431	0.084782	C
790	S	0.328584	0.064639	0.520776	0.086001	C
791	E	0.379786	0.039690	0.488657	0.091867	C
792	L	0.367721	0.036153	0.521217	0.074910	C
793	I	0.285227	0.121972	0.490442	0.102359	C
794	T	0.247228	0.102006	0.521583	0.129183	C
795	E	0.208427	0.116307	0.556326	0.118941	C
796	N	0.104441	0.144288	0.626792	0.124479	C
797	M	0.075367	0.292590	0.524597	0.107446	C
798	H	0.009631	0.519202	0.375534	0.095632	E
799	M	0.009636	0.675993	0.247294	0.067077	E
800	K	0.008591	0.852763	0.082114	0.056532	E
801	L	0.009187	0.807291	0.134256	0.049266	E
802	Y	0.009452	0.905234	0.056975	0.028340	E
803	M	0.009161	0.783532	0.176303	0.031005	E
804	E	0.093273	0.703009	0.157541	0.046178	E
805	G	0.009395	0.610789	0.286879	0.092938	E
806	T	0.031845	0.440598	0.430547	0.097010	E
807	V	0.009463	0.450572	0.461871	0.078093	C
808	N	0.049697	0.282660	0.593306	0.074338	C
809	N	0.008487	0.291313	0.586346	0.113854	C
810	H	0.025133	0.395834	0.496469	0.082563	C
811	H	0.007412	0.461530	0.413190	0.117868	E
812	F	0.008324	0.638579	0.287625	0.065471	E
813	K	0.009410	0.876429	0.066409	0.047752	E
814	C	0.008914	0.881632	0.051289	0.058165	E
815	T	0.034397	0.848569	0.064236	0.052798	E
816	S	0.008657	0.659547	0.230302	0.101494	E
817	E	0.009858	0.579199	0.301636	0.109307	E
818	G	0.009795	0.500743	0.399636	0.089826	E
819	E	0.006812	0.470131	0.389133	0.133925	E
820	G	0.127566	0.334590	0.420031	0.117813	C
821	K	0.009580	0.403224	0.458901	0.128295	C
822	P	0.064762	0.252918	0.539002	0.143319	C
823	Y	0.025390	0.258853	0.558915	0.156842	C
824	E	0.013671	0.235559	0.611549	0.139221	C
825	G	0.153224	0.315532	0.421088	0.110157	C
826	T	0.009782	0.539271	0.367223	0.083724	E
827	Q	0.091671	0.583395	0.272137	0.052797	E
828	T	0.089609	0.609339	0.237586	0.063466	E
829	M	0.022363	0.722812	0.201228	0.053597	E
830	R	0.009746	0.674147	0.257743	0.058364	E
831	I	0.009172	0.734935	0.203232	0.052660	E
832	K	0.046942	0.798228	0.119812	0.035018	E
833	V	0.012157	0.763924	0.180001	0.043919	E
834	V	0.008572	0.597331	0.313632	0.080464	E
835	E	0.111323	0.356150	0.450957	0.081570	C
836	G	0.084590	0.233946	0.537938	0.143526	C
837	G	0.009723	0.283536	0.547118	0.159624	C
838	P	0.144713	0.260259	0.470160	0.124868	C
839	L	0.009353	0.278809	0.568882	0.142956	C
840	P	0.009525	0.310525	0.566693	0.113258	C
841	F	0.124500	0.343183	0.427020	0.105298	C
842	A	0.044408	0.340281	0.511342	0.103969	C
843	F	0.245149	0.315453	0.371877	0.067521	C
844	D	0.442646	0.145789	0.359879	0.051686	H
845	I	0.315199	0.285474	0.338305	0.061023	C
846	L	0.245264	0.354117	0.346209	0.054410	E
847	A	0.316251	0.220490	0.410524	0.052735	C
848	T	0.323210	0.147336	0.467108	0.062346	C
849	S	0.276793	0.209597	0.461458	0.052152	C
850	F	0.320206	0.229030	0.408852	0.041912	C
851	S	0.203657	0.220291	0.533367	0.042685	C
852	K	0.257037	0.235132	0.416751	0.091080	C
853	T	0.249778	0.355825	0.345359	0.049038	E
854	F	0.144106	0.372390	0.407010	0.076494	C
855	I	0.135315	0.314644	0.482312	0.067730	C
856	N	0.176383	0.262928	0.472904	0.087785	C
857	H	0.054636	0.240538	0.601376	0.103450	C
858	T	0.108070	0.176428	0.614702	0.100800	C
859	Q	0.227620	0.094851	0.593939	0.083589	C
860	G	0.201149	0.009630	0.693010	0.096212	C
861	I	0.192087	0.074788	0.624356	0.108769	C
862	P	0.322643	0.121291	0.475190	0.080876	C
863	D	0.548164	0.012768	0.381385	0.057683	H
864	F	0.641651	0.063840	0.266934	0.027575	H
865	F	0.684947	0.079878	0.191231	0.043944	H
866	K	0.585178	0.128237	0.244401	0.042184	H
867	Q	0.516025	0.085026	0.341342	0.057607	H
868	S	0.377736	0.215712	0.352783	0.053769	H
869	F	0.231834	0.176724	0.513293	0.078149	C
870	P	0.207965	0.145277	0.531840	0.114918	C
871	E	0.164386	0.138191	0.548084	0.149339	C
872	G	0.126445	0.220148	0.533964	0.119443	C
873	F	0.009770	0.272688	0.623444	0.094098	C
874	T	0.099032	0.472654	0.355919	0.072396	E
875	W	0.009483	0.621399	0.287893	0.081224	E
876	E	0.009558	0.751603	0.205258	0.033582	E
877	R	0.008813	0.626603	0.331659	0.032925	E
878	V	0.009216	0.651459	0.262843	0.076482	E
879	T	0.009581	0.730403	0.200540	0.059476	E
880	T	0.009859	0.617627	0.301859	0.070656	E
881	Y	0.050645	0.459338	0.386794	0.103223	E
882	E	0.138100	0.313229	0.453521	0.095149	C
883	D	0.105784	0.284719	0.512458	0.097040	C
884	G	0.111671	0.213325	0.587506	0.087497	C
885	G	0.009674	0.426509	0.468678	0.095139	C
886	V	0.009548	0.641976	0.281488	0.066987	E
887	L	0.026037	0.755637	0.177041	0.041284	E
888	T	0.009564	0.699130	0.232832	0.058474	E
889	A	0.009859	0.674961	0.267854	0.047326	E
890	T	0.087226	0.654359	0.205996	0.052419	E
891	Q	0.048622	0.603639	0.303040	0.044700	E
892	D	0.083172	0.628852	0.255896	0.032080	E
893	T	0.008057	0.686694	0.260431	0.044818	E
894	S	0.009654	0.730902	0.211565	0.047879	E
895	L	0.009117	0.640538	0.288335	0.062010	E
896	Q	0.084729	0.543532	0.309901	0.061838	E
897	D	0.108767	0.381909	0.437751	0.071573	C
898	G	0.009804	0.315812	0.573190	0.101195	C
899	C	0.052547	0.615028	0.244212	0.088213	E
900	L	0.009073	0.664704	0.263889	0.062334	E
901	I	0.008538	0.617589	0.300456	0.073417	E
902	Y	0.018178	0.754331	0.186464	0.041027	E
903	N	0.009674	0.790016	0.175532	0.024778	E
904	V	0.009540	0.746811	0.216624	0.027025	E
905	K	0.009258	0.790885	0.154312	0.045545	E
906	I	0.009473	0.682427	0.261128	0.046972	E
907	R	0.009687	0.654117	0.283196	0.053000	E
908	G	0.023149	0.617088	0.283680	0.076083	E
909	V	0.085511	0.392310	0.429481	0.092698	C
910	N	0.065825	0.341711	0.509903	0.082561	C
