> rkretsch_1398972672
#rid	resname	Helix	Beta	Coil	PPII	ss_kind
1	M	0.052803	0.077481	0.782805	0.086911	C
2	T	0.154873	0.115800	0.618710	0.110617	C
3	I	0.495110	0.118142	0.329169	0.057579	H
4	E	0.654068	0.018817	0.282819	0.044296	H
5	E	0.784961	0.035198	0.162107	0.017734	H
6	L	0.829604	0.009730	0.156402	0.004264	H
7	K	0.818666	0.059027	0.112454	0.009853	H
8	T	0.818833	0.007815	0.159748	0.013604	H
9	R	0.732412	0.009557	0.242123	0.015907	H
10	L	0.758017	0.009316	0.216642	0.016025	H
11	H	0.729721	0.009631	0.242073	0.018575	H
12	T	0.587534	0.009815	0.357994	0.044657	H
13	E	0.482605	0.012910	0.447479	0.057006	H
14	Q	0.387492	0.009889	0.535826	0.066793	C
15	S	0.498481	0.090268	0.369695	0.041556	H
16	V	0.373929	0.096293	0.468736	0.061042	C
17	A	0.443057	0.135596	0.386584	0.034763	H
18	K	0.266455	0.238934	0.433368	0.061243	C
19	T	0.329772	0.184306	0.409447	0.076475	C
20	E	0.192867	0.203291	0.521571	0.082271	C
21	T	0.143893	0.132404	0.624169	0.099534	C
22	G	0.083651	0.099023	0.705286	0.112039	C
23	I	0.133626	0.067898	0.679842	0.118634	C
24	D	0.263363	0.096492	0.550130	0.090015	C
25	Q	0.599882	0.009859	0.338723	0.051537	H
26	Q	0.697862	0.050242	0.222742	0.029154	H
27	K	0.693791	0.036023	0.242610	0.027576	H
28	A	0.625793	0.074419	0.258984	0.040804	H
29	N	0.579637	0.021005	0.359843	0.039515	H
30	D	0.484469	0.027007	0.450998	0.037525	H
31	V	0.381500	0.038511	0.533223	0.046766	C
32	I	0.357184	0.069915	0.519012	0.053889	C
33	E	0.214548	0.103720	0.604807	0.076925	C
34	G	0.073764	0.146924	0.662366	0.116946	C
35	N	0.009768	0.293990	0.562562	0.133680	C
36	I	0.004974	0.319519	0.560346	0.115161	C
37	D	0.017094	0.332189	0.534107	0.116610	C
38	V	0.119887	0.215972	0.542990	0.121151	C
39	E	0.157166	0.190024	0.576946	0.075865	C
40	D	0.214666	0.017791	0.669610	0.097933	C
41	K	0.347889	0.073673	0.501072	0.077366	C
42	K	0.399026	0.029357	0.509586	0.062030	C
43	V	0.400502	0.151523	0.395462	0.052513	H
44	Q	0.636966	0.098582	0.245324	0.019128	H
45	L	0.601980	0.128173	0.256306	0.013541	H
46	Y	0.500357	0.254358	0.231710	0.013576	H
47	C	0.767286	0.066554	0.123908	0.042253	H
48	E	0.805236	0.015934	0.167233	0.011597	H
49	A	0.763452	0.074631	0.157478	0.004439	H
50	I	0.697872	0.085170	0.205291	0.011667	H
51	L	0.708770	0.094522	0.170673	0.026035	H
52	K	0.642509	0.023849	0.323770	0.009872	H
53	N	0.583817	0.071912	0.339309	0.004962	H
54	F	0.412113	0.131859	0.428491	0.027537	C
55	N	0.289642	0.141747	0.520851	0.047760	C
56	I	0.232120	0.147328	0.554433	0.066119	C
57	L	0.114378	0.218184	0.591759	0.075678	C
58	D	0.162552	0.181759	0.582920	0.072769	C
59	K	0.188970	0.119129	0.607900	0.084001	C
60	N	0.145801	0.126448	0.645456	0.082295	C
61	N	0.089388	0.131141	0.679521	0.099951	C
62	V	0.144174	0.106079	0.646906	0.102840	C
63	F	0.272101	0.080261	0.556619	0.091018	C
64	K	0.307998	0.136166	0.487614	0.068222	C
65	P	0.476139	0.113140	0.345604	0.065117	H
66	Q	0.532299	0.092377	0.339167	0.036156	H
67	G	0.694464	0.097928	0.194138	0.013470	H
68	I	0.633143	0.085774	0.252762	0.028321	H
69	K	0.673878	0.129236	0.195667	0.001219	H
70	A	0.699042	0.092114	0.202405	0.006439	H
71	V	0.580697	0.131720	0.252572	0.035010	H
72	M	0.545772	0.043087	0.352074	0.059067	H
73	E	0.469851	0.019134	0.438676	0.072340	H
74	L	0.458890	0.011433	0.453761	0.075916	H
75	L	0.278524	0.029110	0.600360	0.092006	C
76	I	0.209235	0.043518	0.634075	0.113172	C
77	D	0.193426	0.024088	0.676355	0.106131	C
78	E	0.383827	0.060825	0.488557	0.066790	C
79	N	0.580528	0.009510	0.381923	0.028039	H
80	S	0.515375	0.010492	0.417806	0.056327	H
81	V	0.592725	0.009702	0.354531	0.043041	H
82	K	0.612899	0.009820	0.330514	0.046767	H
83	Q	0.707006	0.011795	0.250174	0.031024	H
84	L	0.657239	0.009783	0.306324	0.026654	H
85	V	0.596627	0.000596	0.371514	0.031264	H
86	S	0.495162	0.042733	0.411630	0.050475	H
87	D	0.391206	0.054442	0.496682	0.057670	C
88	S	0.280391	0.053484	0.584921	0.081204	C
89	T	0.218984	0.078695	0.617197	0.085124	C
90	I	0.256642	0.020697	0.622767	0.099894	C
91	S	0.101539	0.032404	0.731753	0.134305	C
92	E	0.136333	0.043306	0.671044	0.149317	C
93	E	0.086348	0.129598	0.638426	0.145628	C
94	N	0.171436	0.009778	0.674287	0.144499	C
95	P	0.239936	0.097613	0.532563	0.129888	C
96	H	0.400105	0.114394	0.383876	0.101625	H
97	L	0.464281	0.111920	0.364277	0.059522	H
98	K	0.492604	0.092560	0.386666	0.028170	H
99	A	0.555366	0.102863	0.331888	0.009883	H
100	S	0.470128	0.078141	0.437948	0.013784	H
101	K	0.571322	0.016432	0.381395	0.030851	H
102	L	0.609340	0.135737	0.230875	0.024048	H
103	V	0.490700	0.311637	0.189012	0.008651	H
104	Q	0.517341	0.287829	0.185054	0.009775	H
105	V	0.355536	0.405973	0.223391	0.015099	E
106	S	0.302152	0.433287	0.258044	0.006517	E
107	K	0.234581	0.388691	0.328370	0.048358	E
108	Y	0.273689	0.410566	0.287643	0.028102	E
109	K	0.291469	0.346361	0.311239	0.050930	E
110	T	0.263208	0.337818	0.350555	0.048419	C
111	M	0.556140	0.202255	0.212010	0.029596	H
112	K	0.550225	0.116451	0.293132	0.040192	H
113	S	0.620776	0.087429	0.268565	0.023231	H
114	V	0.571947	0.125523	0.282553	0.019977	H
115	D	0.512648	0.072520	0.372937	0.041894	H
116	F	0.458758	0.145967	0.371583	0.023693	H
117	L	0.411419	0.175871	0.371968	0.040742	H
118	M	0.417293	0.107634	0.431040	0.044034	C
119	T	0.420290	0.051669	0.484360	0.043681	C
120	I	0.647842	0.073124	0.278110	0.000923	H
121	E	0.841452	0.006388	0.140166	0.011994	H
122	E	0.917780	0.017246	0.055187	0.009786	H
123	L	0.890253	0.009215	0.091317	0.009215	H
124	K	0.842169	0.030241	0.117760	0.009829	H
125	T	0.813211	0.009600	0.167588	0.009600	H
126	R	0.748292	0.009536	0.231185	0.010987	H
127	L	0.761372	0.009274	0.218815	0.010539	H
128	H	0.748543	0.009691	0.215314	0.026451	H
129	T	0.598803	0.013179	0.333578	0.054441	H
130	E	0.497057	0.009757	0.432776	0.060410	H
131	Q	0.420999	0.009839	0.499497	0.069666	C
132	S	0.439085	0.116716	0.392096	0.052103	H
133	V	0.272355	0.117161	0.536416	0.074069	C
134	C	0.397278	0.135512	0.418532	0.048678	C
135	K	0.267338	0.210420	0.448556	0.073686	C
136	T	0.337154	0.116427	0.454198	0.092222	C
137	E	0.260502	0.168653	0.479134	0.091711	C
138	T	0.156421	0.120350	0.616354	0.106876	C
139	G	0.059469	0.077193	0.742999	0.120339	C
140	I	0.094073	0.047711	0.734208	0.124008	C
141	D	0.295949	0.012764	0.605123	0.086165	C
142	Q	0.659009	0.033418	0.268824	0.038749	H
143	Q	0.827964	0.007099	0.150836	0.014102	H
144	K	0.759192	0.025803	0.204327	0.010678	H
145	A	0.767421	0.022475	0.192238	0.017867	H
146	N	0.697440	0.009715	0.267506	0.025339	H
147	D	0.555950	0.009896	0.403709	0.030445	H
148	V	0.414385	0.052969	0.482372	0.050273	C
149	I	0.417419	0.057044	0.475589	0.049948	C
150	E	0.248441	0.061705	0.608700	0.081154	C
151	G	0.091635	0.097422	0.697004	0.113939	C
152	N	0.026926	0.251737	0.575455	0.145882	C
153	I	0.009899	0.296685	0.573902	0.119514	C
154	D	0.017354	0.308475	0.556514	0.117658	C
155	V	0.126447	0.187184	0.564735	0.121635	C
156	E	0.183222	0.166183	0.565653	0.084942	C
157	D	0.246197	0.043445	0.616573	0.093785	C
158	K	0.334199	0.112940	0.475818	0.077043	C
159	K	0.456614	0.009645	0.474162	0.059579	C
160	V	0.430113	0.169188	0.353914	0.046784	H
161	Q	0.692258	0.094556	0.196875	0.016310	H
162	L	0.611827	0.085325	0.299010	0.003837	H
163	Y	0.527505	0.238310	0.230472	0.003713	H
164	C	0.755042	0.076912	0.128056	0.039990	H
165	E	0.735258	0.011070	0.226895	0.026777	H
166	C	0.730934	0.090772	0.169771	0.008523	H
167	I	0.674509	0.089275	0.223752	0.012464	H
168	L	0.628600	0.162529	0.166918	0.041953	H
169	K	0.623143	0.062192	0.304790	0.009875	H
170	N	0.572930	0.118940	0.301800	0.006331	H
171	F	0.382371	0.187989	0.399816	0.029824	C
172	N	0.254290	0.191077	0.507718	0.046915	C
173	I	0.226974	0.179164	0.526569	0.067292	C
174	L	0.144458	0.231817	0.548962	0.074763	C
175	D	0.188031	0.190488	0.552750	0.068732	C
176	K	0.246015	0.121434	0.561930	0.070622	C
177	N	0.204010	0.136373	0.587175	0.072442	C
178	N	0.136447	0.145963	0.627154	0.090437	C
179	V	0.224665	0.103500	0.591006	0.080829	C
180	F	0.308580	0.080810	0.521412	0.089199	C
181	K	0.360134	0.118512	0.458426	0.062928	C
182	P	0.595869	0.098157	0.258781	0.047193	H
183	Q	0.663168	0.074631	0.248703	0.013498	H
184	G	0.789894	0.069698	0.135193	0.005215	H
185	I	0.751274	0.045971	0.187002	0.015753	H
186	K	0.752423	0.037003	0.200752	0.009822	H
187	A	0.756956	0.024129	0.216627	0.002287	H
188	V	0.670195	0.058223	0.243498	0.028085	H
189	M	0.521190	0.009851	0.405479	0.063480	H
190	E	0.502892	0.009687	0.420403	0.067018	H
191	L	0.526284	0.009688	0.404863	0.059166	H
192	L	0.367666	0.009488	0.547760	0.075086	C
193	I	0.289954	0.004815	0.597760	0.107470	C
194	D	0.288860	0.009682	0.616824	0.084634	C
195	E	0.478510	0.103906	0.375842	0.041741	H
196	N	0.620410	0.005929	0.347353	0.026309	H
197	S	0.556391	0.028341	0.380789	0.034479	H
198	V	0.602973	0.009591	0.350541	0.036894	H
199	K	0.650892	0.001767	0.307694	0.039648	H
200	Q	0.741516	0.018162	0.215122	0.025200	H
201	L	0.709640	0.009801	0.261088	0.019471	H
202	V	0.746362	0.009485	0.209532	0.034621	H
203	S	0.641963	0.009884	0.313918	0.034235	H
204	D	0.494824	0.013295	0.436636	0.055244	H
205	D	0.396730	0.009560	0.537454	0.056257	C
206	S	0.302696	0.096924	0.518776	0.081604	C
207	T	0.304477	0.037158	0.587824	0.070540	C
208	I	0.176969	0.076131	0.645772	0.101128	C
209	S	0.139122	0.077958	0.666598	0.116322	C
210	E	0.176785	0.067192	0.632844	0.123180	C
211	E	0.131091	0.163315	0.597426	0.108168	C
212	N	0.226958	0.009832	0.645338	0.117872	C
213	P	0.384562	0.045105	0.468659	0.101675	C
214	H	0.515575	0.080397	0.335818	0.068210	H
215	L	0.504295	0.055706	0.385770	0.054229	H
216	K	0.538815	0.057069	0.394079	0.010037	H
217	A	0.543933	0.111798	0.334498	0.009771	H
218	S	0.499983	0.091292	0.382305	0.026419	H
219	K	0.596996	0.093739	0.278704	0.030561	H
220	L	0.603950	0.199963	0.163478	0.032608	H
221	V	0.478197	0.280892	0.209728	0.031183	H
222	Q	0.628240	0.237034	0.124969	0.009757	H
223	D	0.680862	0.108988	0.200288	0.009862	H
224	V	0.748952	0.086747	0.154435	0.009866	H
225	S	0.473254	0.183173	0.287960	0.055613	H
226	K	0.430315	0.100142	0.436693	0.032850	C
227	Y	0.244618	0.146490	0.554475	0.054418	C
228	K	0.258116	0.119327	0.549917	0.072640	C
229	T	0.243329	0.062047	0.596207	0.098416	C
230	M	0.284650	0.114382	0.531923	0.069045	C
231	K	0.302715	0.113527	0.512318	0.071440	C
232	S	0.338049	0.134103	0.457067	0.070781	C
233	V	0.262996	0.213779	0.438364	0.084861	C
234	D	0.410174	0.047689	0.464561	0.077576	C
235	F	0.313474	0.042896	0.548064	0.095566	C
236	L	0.171024	0.096403	0.676335	0.056239	C
