> rkretsch_1846272165
#rid	resname	Helix	Beta	Coil	PPII	ss_kind
1	A	0.009769	0.180174	0.745507	0.064550	C
2	V	0.002063	0.400031	0.536220	0.061685	C
3	V	0.008478	0.369574	0.534352	0.087596	C
4	T	0.009371	0.431967	0.437766	0.120895	C
5	Q	0.008958	0.342446	0.518740	0.129855	C
6	E	0.044411	0.198300	0.582798	0.174490	C
7	P	0.176748	0.168782	0.522182	0.132288	C
8	S	0.009793	0.387085	0.509759	0.093363	C
9	V	0.153681	0.324251	0.452726	0.069342	C
10	T	0.073310	0.381366	0.453209	0.092115	C
11	V	0.009621	0.448178	0.461960	0.080241	C
12	S	0.197039	0.247231	0.473974	0.081756	C
13	P	0.202735	0.083256	0.586312	0.127697	C
14	G	0.071866	0.281541	0.513367	0.133226	C
15	G	0.061236	0.422785	0.386717	0.129261	E
16	T	0.114223	0.509008	0.288119	0.088651	E
17	V	0.009068	0.758961	0.167054	0.064918	E
18	I	0.009776	0.720327	0.232928	0.036969	E
19	L	0.044095	0.675399	0.227719	0.052787	E
20	T	0.038307	0.643425	0.250677	0.067591	E
21	A	0.009897	0.513381	0.392365	0.084357	E
22	G	0.137597	0.463769	0.324297	0.074337	E
23	S	0.061462	0.320228	0.510370	0.107939	C
24	S	0.093700	0.311382	0.524082	0.070836	C
25	T	0.009596	0.340679	0.552149	0.097575	C
26	G	0.097615	0.237986	0.542650	0.121749	C
27	A	0.043065	0.256239	0.587274	0.113422	C
28	V	0.100361	0.211546	0.581883	0.106211	C
29	T	0.026153	0.283413	0.588917	0.101517	C
30	S	0.009637	0.311745	0.587660	0.090959	C
31	G	0.050458	0.254634	0.615582	0.079326	C
32	H	0.041318	0.228833	0.648374	0.081474	C
33	Y	0.008817	0.306782	0.606262	0.078139	C
34	A	0.085537	0.289110	0.523890	0.101463	C
35	N	0.263160	0.373867	0.320398	0.042576	E
36	W	0.125135	0.531475	0.272202	0.071188	E
37	F	0.205051	0.541218	0.220668	0.033063	E
38	Q	0.113176	0.465075	0.349579	0.072170	E
39	Q	0.019346	0.346059	0.515246	0.119349	C
40	K	0.132553	0.133843	0.592784	0.140821	C
41	P	0.078462	0.256802	0.528922	0.135814	C
42	G	0.009866	0.282813	0.559152	0.148170	C
43	Q	0.018952	0.318902	0.524549	0.137597	C
44	A	0.088163	0.213442	0.537988	0.160407	C
45	P	0.115648	0.378092	0.390692	0.115568	C
46	R	0.072524	0.626985	0.230743	0.069749	E
47	A	0.009782	0.742372	0.182404	0.065442	E
48	L	0.139839	0.557433	0.239041	0.063688	E
49	I	0.081329	0.668146	0.191726	0.058800	E
50	F	0.009373	0.640688	0.305176	0.044764	E
51	E	0.117128	0.378381	0.451486	0.053005	C
52	T	0.172870	0.267997	0.518753	0.040380	C
53	D	0.168865	0.157862	0.614844	0.058429	C
54	K	0.009514	0.191343	0.716330	0.082813	C
55	K	0.009646	0.230381	0.668591	0.091382	C
56	Y	0.007700	0.154126	0.712772	0.125401	C
57	S	0.119151	0.015661	0.750418	0.114770	C
58	W	0.124798	0.133974	0.624397	0.116831	C
59	T	0.077978	0.250663	0.571927	0.099432	C
60	P	0.102786	0.315060	0.477372	0.104782	C
61	G	0.171918	0.266118	0.490604	0.071360	C
62	R	0.111066	0.351986	0.460069	0.076879	C
63	F	0.075869	0.438199	0.421113	0.064819	E
64	S	0.084249	0.532658	0.304316	0.078776	E
65	G	0.079039	0.394569	0.460833	0.065559	C
66	S	0.032557	0.300017	0.589025	0.078401	C
67	L	0.129827	0.246892	0.554026	0.069255	C
68	L	0.123414	0.180898	0.636839	0.058849	C
69	G	0.176491	0.194049	0.565904	0.063555	C
70	A	0.235185	0.142798	0.541811	0.080206	C
71	K	0.126805	0.428834	0.373550	0.070812	E
72	A	0.090387	0.571035	0.260199	0.078379	E
73	A	0.035189	0.657158	0.269951	0.037701	E
74	L	0.116069	0.799280	0.057450	0.027201	E
75	T	0.009528	0.722114	0.216026	0.052332	E
76	I	0.092501	0.523725	0.317418	0.066356	E
77	S	0.074698	0.355075	0.506481	0.063746	C
78	D	0.209466	0.192551	0.510483	0.087499	C
79	A	0.065280	0.164430	0.657251	0.113040	C
80	Q	0.046821	0.257092	0.569036	0.127052	C
81	P	0.198279	0.205659	0.488171	0.107891	C
82	E	0.191050	0.248722	0.478151	0.082077	C
83	D	0.259157	0.185119	0.481482	0.074242	C
84	E	0.158200	0.328044	0.454689	0.059067	C
85	A	0.187405	0.282933	0.426744	0.102918	C
86	E	0.045247	0.420173	0.453708	0.080872	C
87	Y	0.106542	0.520675	0.298801	0.073982	E
88	Y	0.009521	0.586604	0.358774	0.045100	E
89	A	0.103860	0.587257	0.280752	0.028132	E
90	S	0.106754	0.515046	0.331222	0.046977	E
91	L	0.118446	0.478663	0.366954	0.035938	E
92	S	0.042784	0.318528	0.582678	0.056010	C
93	D	0.043333	0.253601	0.650839	0.052226	C
94	V	0.029077	0.077868	0.800046	0.093010	C
95	D	0.034585	0.200928	0.660190	0.104297	C
96	G	0.077156	0.120665	0.680449	0.121730	C
97	Y	0.019834	0.239009	0.631808	0.109349	C
98	L	0.089140	0.309029	0.515400	0.086431	C
99	F	0.140331	0.360993	0.436597	0.062079	C
100	G	0.078853	0.389999	0.447576	0.083573	C
101	G	0.133595	0.336995	0.430120	0.099289	C
102	G	0.195929	0.245388	0.465213	0.093470	C
103	T	0.143177	0.283247	0.490717	0.082858	C
104	Q	0.157367	0.262332	0.489736	0.090565	C
105	L	0.134648	0.280089	0.509836	0.075427	C
106	T	0.167379	0.267932	0.502713	0.061976	C
107	V	0.099284	0.302129	0.530074	0.068512	C
108	L	0.129046	0.242926	0.563016	0.065012	C
109	S	0.023278	0.289751	0.596780	0.090190	C
110	Q	0.012295	0.283260	0.594521	0.109924	C
111	A	0.009835	0.286475	0.575384	0.128306	C
112	V	0.009683	0.348455	0.534911	0.106951	C
113	V	0.008403	0.237647	0.630490	0.123459	C
114	T	0.009459	0.316702	0.524620	0.149219	C
115	Q	0.009749	0.277223	0.557887	0.155141	C
116	E	0.009891	0.227619	0.567441	0.195050	C
117	P	0.020004	0.255749	0.555149	0.169097	C
118	S	0.009798	0.279025	0.587177	0.123999	C
119	V	0.087479	0.315773	0.498829	0.097920	C
120	T	0.009837	0.379864	0.501835	0.108464	C
121	V	0.009429	0.402536	0.500462	0.087573	C
122	S	0.053978	0.293528	0.529233	0.123260	C
123	P	0.082365	0.179361	0.591882	0.146391	C
124	G	0.007103	0.276122	0.548511	0.168263	C
125	G	0.009129	0.362202	0.486665	0.142005	C
126	T	0.086124	0.496857	0.314323	0.102695	E
127	V	0.008940	0.704550	0.215555	0.070955	E
128	I	0.021392	0.664453	0.270582	0.043573	E
129	L	0.014828	0.634084	0.286948	0.064140	E
130	T	0.036639	0.643396	0.243769	0.076196	E
131	G	0.072555	0.441202	0.388763	0.097480	E
132	S	0.084388	0.427288	0.403997	0.084327	E
133	S	0.097217	0.299633	0.503701	0.099450	C
134	T	0.047716	0.294275	0.567135	0.090873	C
135	G	0.104210	0.196183	0.583410	0.116196	C
136	A	0.066526	0.102096	0.706837	0.124541	C
137	V	0.068242	0.158523	0.654736	0.118499	C
138	T	0.010305	0.196414	0.665386	0.127895	C
139	S	0.024737	0.248069	0.618504	0.108690	C
140	G	0.082535	0.210134	0.608494	0.098836	C
141	H	0.086990	0.227482	0.611132	0.074396	C
142	Y	0.009700	0.316368	0.603141	0.070791	C
143	A	0.208331	0.261273	0.432595	0.097801	C
144	N	0.308639	0.301671	0.326143	0.063548	C
145	W	0.187554	0.457976	0.291546	0.062924	E
146	F	0.266045	0.459182	0.226005	0.048768	E
147	Q	0.132344	0.417700	0.392640	0.057316	E
148	Q	0.041126	0.313930	0.539210	0.105734	C
149	K	0.108851	0.163466	0.597858	0.129826	C
150	P	0.067023	0.254218	0.543278	0.135481	C
151	G	0.009451	0.253193	0.589527	0.147829	C
152	Q	0.000298	0.324676	0.531691	0.143335	C
153	A	0.053072	0.213499	0.581366	0.152062	C
154	P	0.089609	0.408773	0.385102	0.116516	E
155	R	0.059954	0.627704	0.234937	0.077405	E
156	A	0.041844	0.720836	0.180729	0.056590	E
157	L	0.128527	0.546598	0.260768	0.064107	E
158	I	0.026956	0.603839	0.293279	0.075925	E
159	F	0.009434	0.571296	0.363282	0.055988	E
160	E	0.110046	0.298819	0.527106	0.064029	C
161	T	0.134898	0.239552	0.582926	0.042624	C
162	D	0.163414	0.138664	0.638380	0.059542	C
163	K	0.009431	0.206257	0.700090	0.084223	C
164	K	0.009453	0.237593	0.654825	0.098129	C
165	Y	0.005294	0.156934	0.695328	0.142444	C
166	S	0.104273	0.107487	0.674051	0.114190	C
167	W	0.085289	0.186305	0.632959	0.095446	C
168	T	0.037145	0.272569	0.589743	0.100543	C
169	P	0.076447	0.266120	0.555988	0.101444	C
170	G	0.116835	0.245414	0.545809	0.091942	C
171	R	0.170383	0.246908	0.479213	0.103497	C
172	F	0.076213	0.269731	0.565999	0.088057	C
173	S	0.039865	0.506476	0.363740	0.089920	E
174	G	0.101767	0.329548	0.492611	0.076075	C
175	S	0.008344	0.244969	0.642280	0.104408	C
176	L	0.112647	0.190575	0.606807	0.089971	C
177	L	0.094737	0.136799	0.683482	0.084983	C
178	G	0.133240	0.209645	0.583590	0.073525	C
179	A	0.172733	0.183366	0.556147	0.087754	C
180	K	0.091847	0.452695	0.392413	0.063045	E
181	A	0.085040	0.620694	0.224997	0.069270	E
182	A	0.055979	0.671965	0.239994	0.032063	E
183	L	0.125663	0.827593	0.029020	0.017724	E
184	T	0.009412	0.749162	0.189733	0.051692	E
185	I	0.113439	0.511373	0.313845	0.061343	E
186	S	0.056296	0.343070	0.536614	0.064020	C
187	D	0.231293	0.162001	0.523542	0.083165	C
188	A	0.032897	0.159019	0.694429	0.113655	C
189	Q	0.016320	0.288240	0.576937	0.118503	C
190	P	0.197398	0.183595	0.515175	0.103831	C
191	E	0.137538	0.275723	0.492746	0.093994	C
192	D	0.279499	0.240309	0.422107	0.058085	C
193	E	0.061450	0.399549	0.471511	0.067490	C
194	A	0.150347	0.347843	0.403988	0.097821	C
195	E	0.028747	0.426027	0.473903	0.071324	C
196	Y	0.031009	0.540056	0.332394	0.096541	E
197	Y	0.009375	0.540521	0.407472	0.042632	E
198	S	0.022629	0.581115	0.371455	0.024801	E
199	L	0.102066	0.475538	0.371375	0.051021	E
200	S	0.009905	0.408939	0.526265	0.054891	C
201	D	0.009777	0.329451	0.595723	0.065049	C
202	V	0.140650	0.213661	0.590924	0.054766	C
203	D	0.008676	0.194865	0.711529	0.084930	C
204	G	0.102864	0.186328	0.632609	0.078199	C
205	Y	0.009840	0.357501	0.542745	0.089915	C
206	L	0.177275	0.458176	0.332393	0.032156	E
207	F	0.069439	0.366291	0.491963	0.072307	C
208	G	0.123821	0.257966	0.544356	0.073857	C
209	G	0.096022	0.294433	0.517639	0.091907	C
210	G	0.166383	0.281098	0.470959	0.081560	C
211	T	0.060664	0.473423	0.399776	0.066137	E
212	Q	0.009217	0.642869	0.254754	0.093160	E
213	L	0.061579	0.679101	0.206233	0.053087	E
214	T	0.009732	0.734673	0.187011	0.068585	E
215	V	0.009535	0.513558	0.361889	0.115018	E
216	L	0.008491	0.418450	0.490859	0.082201	C
