> rkretsch_172990542
#rid	resname	Helix	Beta	Coil	PPII	ss_kind
1	C	0.103359	0.126326	0.697288	0.073026	C
2	P	0.143632	0.184444	0.548671	0.123254	C
3	L	0.059914	0.405805	0.447662	0.086620	C
4	M	0.093878	0.386918	0.461140	0.058064	C
5	V	0.130011	0.465197	0.364300	0.040491	E
6	K	0.070002	0.649286	0.262089	0.018623	E
7	V	0.185015	0.679645	0.094598	0.040742	E
8	L	0.236382	0.455441	0.237282	0.070895	E
9	D	0.186437	0.251413	0.464887	0.097262	C
10	A	0.266592	0.262445	0.460632	0.010330	C
11	V	0.196149	0.177372	0.560226	0.066253	C
12	R	0.197612	0.099482	0.670421	0.032485	C
13	G	0.056588	0.320749	0.586087	0.036576	C
14	S	0.154317	0.158967	0.597768	0.088948	C
15	P	0.167749	0.192594	0.552313	0.087344	C
16	A	0.257845	0.117985	0.508402	0.115768	C
17	I	0.235281	0.126456	0.557869	0.080394	C
18	N	0.008926	0.231656	0.630634	0.128784	C
19	V	0.009557	0.364784	0.528795	0.096864	C
20	A	0.009850	0.578639	0.313775	0.097736	E
21	V	0.009889	0.682161	0.257242	0.050709	E
22	H	0.011766	0.782762	0.170327	0.035146	E
23	V	0.064672	0.667272	0.212432	0.055624	E
24	F	0.009846	0.628085	0.299983	0.062086	E
25	R	0.068774	0.543414	0.324341	0.063470	E
26	K	0.054261	0.360425	0.483507	0.101806	C
27	A	0.116317	0.304220	0.472718	0.106745	C
28	A	0.185546	0.116721	0.587056	0.110677	C
29	D	0.111070	0.103785	0.662587	0.122557	C
30	D	0.104005	0.112743	0.660933	0.122319	C
31	T	0.059339	0.260422	0.546187	0.134053	C
32	W	0.030427	0.492211	0.390413	0.086949	E
33	E	0.021001	0.609633	0.273623	0.095743	E
34	P	0.009408	0.629836	0.261153	0.099603	E
35	F	0.080218	0.518128	0.320997	0.080657	E
36	A	0.162149	0.445703	0.338781	0.053367	E
37	S	0.150029	0.417055	0.377119	0.055797	E
38	G	0.102255	0.371823	0.481886	0.044036	C
39	K	0.009784	0.368734	0.548521	0.072960	C
40	T	0.019342	0.273768	0.619859	0.087031	C
41	S	0.231489	0.052806	0.634261	0.081444	C
42	S	0.062396	0.009601	0.796927	0.131076	C
43	G	0.009372	0.049100	0.792659	0.148868	C
44	E	0.009247	0.151331	0.720765	0.118657	C
45	L	0.009876	0.305477	0.584102	0.100544	C
46	H	0.009858	0.358391	0.537475	0.094276	C
47	G	0.145473	0.273272	0.482490	0.098766	C
48	L	0.044801	0.254239	0.580411	0.120549	C
49	T	0.050854	0.215213	0.589286	0.144646	C
50	T	0.082042	0.097071	0.674798	0.146089	C
51	E	0.138401	0.052939	0.670244	0.138416	C
52	E	0.182198	0.025595	0.651992	0.140215	C
53	E	0.140066	0.070136	0.663591	0.126207	C
54	F	0.126986	0.153362	0.602204	0.117449	C
55	V	0.171674	0.190380	0.537882	0.100064	C
56	E	0.218977	0.258910	0.432861	0.089252	C
57	G	0.117669	0.398523	0.391014	0.092794	E
58	I	0.122811	0.509074	0.299321	0.068793	E
59	Y	0.220210	0.543402	0.200954	0.035434	E
60	K	0.104419	0.676354	0.186061	0.033166	E
61	V	0.144035	0.748246	0.079169	0.028551	E
62	E	0.153097	0.792349	0.034700	0.019854	E
63	I	0.195101	0.665641	0.119046	0.020212	E
64	D	0.215640	0.413722	0.327007	0.043632	E
65	T	0.316686	0.300715	0.325860	0.056738	C
66	K	0.429773	0.218114	0.317163	0.034950	H
67	S	0.546139	0.110130	0.315801	0.027930	H
68	Y	0.596808	0.107482	0.274063	0.021648	H
69	W	0.634193	0.009865	0.340358	0.015584	H
70	K	0.534510	0.012810	0.397782	0.054897	H
71	A	0.425405	0.075341	0.459084	0.040169	C
72	L	0.265701	0.056581	0.639932	0.037786	C
73	G	0.116414	0.042421	0.775909	0.065256	C
74	I	0.040421	0.073297	0.787024	0.099258	C
75	S	0.042906	0.093220	0.733987	0.129887	C
76	P	0.010380	0.182407	0.689775	0.117438	C
77	F	0.083222	0.256407	0.563470	0.096901	C
78	H	0.009048	0.227253	0.634261	0.129438	C
79	E	0.053643	0.242388	0.614641	0.089328	C
80	H	0.124005	0.454025	0.363840	0.058131	E
81	A	0.052872	0.517225	0.346230	0.083673	E
82	E	0.008660	0.544793	0.380157	0.066390	E
83	V	0.009234	0.594728	0.322711	0.073327	E
84	V	0.073027	0.650494	0.219112	0.057367	E
85	F	0.008977	0.619802	0.303748	0.067473	E
86	T	0.009951	0.726320	0.183261	0.080468	E
87	A	0.005110	0.649366	0.249137	0.096387	E
88	N	0.009323	0.547965	0.354883	0.087829	E
89	D	0.044939	0.297598	0.525265	0.132198	C
90	S	0.117228	0.131075	0.627555	0.124142	C
91	G	0.154848	0.101986	0.625585	0.117581	C
92	P	0.192662	0.010489	0.677992	0.118858	C
93	R	0.186749	0.088019	0.614280	0.110953	C
94	R	0.170411	0.219262	0.514494	0.095833	C
95	Y	0.190291	0.260187	0.478934	0.070588	C
96	T	0.240968	0.296166	0.393024	0.069841	C
97	I	0.276885	0.241898	0.397151	0.084066	C
98	A	0.377202	0.179677	0.355688	0.087433	H
99	A	0.326352	0.256598	0.349294	0.067755	C
100	L	0.269038	0.161990	0.481940	0.087032	C
101	L	0.175896	0.211519	0.517296	0.095289	C
102	S	0.153774	0.208908	0.513458	0.123860	C
103	P	0.134559	0.110472	0.631205	0.123764	C
104	Y	0.191222	0.098490	0.599660	0.110629	C
105	S	0.142226	0.150416	0.597899	0.109460	C
106	Y	0.221074	0.121785	0.557619	0.099523	C
107	S	0.225005	0.138015	0.552159	0.084821	C
108	T	0.208588	0.126587	0.576134	0.088690	C
109	T	0.227296	0.144841	0.547080	0.080784	C
110	A	0.156422	0.185073	0.566853	0.091651	C
111	V	0.131081	0.159328	0.622256	0.087334	C
112	V	0.121488	0.108993	0.655249	0.114270	C
113	T	0.052352	0.128315	0.679176	0.140158	C
114	N	0.009874	0.171389	0.671795	0.146943	C
115	P	0.015385	0.203785	0.628425	0.152405	C
116	C	0.009082	0.282105	0.569764	0.139050	C
117	P	0.009503	0.271675	0.604484	0.114338	C
118	L	0.009503	0.520249	0.391280	0.078969	E
119	M	0.121461	0.451972	0.375380	0.051187	E
120	V	0.063259	0.570277	0.334554	0.031910	E
121	K	0.013861	0.764403	0.206751	0.014985	E
122	V	0.192179	0.725536	0.029073	0.053212	E
123	L	0.219158	0.515903	0.200235	0.064703	E
124	D	0.158095	0.353776	0.396019	0.092110	C
125	A	0.275799	0.300773	0.410318	0.013110	C
126	V	0.160633	0.211717	0.556863	0.070787	C
127	R	0.168687	0.100781	0.692544	0.037988	C
128	G	0.021701	0.339264	0.597612	0.041422	C
129	S	0.125007	0.123404	0.662130	0.089459	C
130	P	0.167035	0.171367	0.570631	0.090966	C
131	A	0.244916	0.120450	0.513435	0.121199	C
132	I	0.154788	0.069956	0.667734	0.107523	C
133	N	0.008750	0.236175	0.622990	0.132085	C
134	V	0.026683	0.327526	0.532357	0.113434	C
135	A	0.009314	0.567167	0.331077	0.092442	E
136	V	0.031758	0.675591	0.242611	0.050040	E
137	H	0.009664	0.744587	0.192801	0.052948	E
138	V	0.086464	0.593074	0.256714	0.063749	E
139	F	0.009645	0.591398	0.324919	0.074038	E
140	R	0.065071	0.498140	0.355440	0.081348	E
141	K	0.045407	0.340033	0.500708	0.113853	C
142	A	0.105193	0.266410	0.506907	0.121490	C
143	A	0.154940	0.116942	0.605170	0.122948	C
144	D	0.100596	0.080663	0.692850	0.125891	C
145	D	0.049598	0.101985	0.716255	0.132162	C
146	T	0.050759	0.176345	0.619966	0.152930	C
147	W	0.080221	0.387630	0.429568	0.102581	C
148	E	0.121824	0.480652	0.292889	0.104635	E
149	P	0.045452	0.547150	0.290131	0.117267	E
150	F	0.159357	0.478475	0.283136	0.079032	E
151	A	0.193523	0.399999	0.339857	0.066621	E
152	S	0.152097	0.425920	0.353073	0.068910	E
153	G	0.152241	0.428399	0.366893	0.052467	E
154	K	0.019389	0.428916	0.463330	0.088365	C
155	T	0.064498	0.400848	0.444904	0.089749	C
156	S	0.106713	0.203577	0.587910	0.101799	C
157	E	0.245609	0.127491	0.553078	0.073822	C
158	S	0.115877	0.093047	0.683375	0.107701	C
159	G	0.055584	0.168876	0.669882	0.105658	C
160	E	0.009758	0.211341	0.664349	0.114551	C
161	L	0.030619	0.284833	0.569866	0.114683	C
162	H	0.009820	0.362632	0.535802	0.091746	C
163	G	0.178682	0.232275	0.492530	0.096513	C
164	L	0.168114	0.256936	0.488474	0.086476	C
165	T	0.218641	0.131856	0.551194	0.098309	C
166	T	0.218422	0.134965	0.538992	0.107621	C
167	E	0.235387	0.076317	0.589951	0.098345	C
168	E	0.208055	0.063368	0.626656	0.101920	C
169	E	0.148444	0.068397	0.672280	0.110879	C
170	F	0.074966	0.177996	0.640360	0.106678	C
171	V	0.141279	0.187690	0.579708	0.091323	C
172	E	0.113134	0.308680	0.471687	0.106498	C
173	G	0.096017	0.427466	0.373476	0.103042	E
174	I	0.009450	0.690887	0.218300	0.081363	E
175	Y	0.009535	0.784857	0.140603	0.065006	E
176	K	0.009421	0.789676	0.152328	0.048575	E
177	V	0.007872	0.937880	0.026345	0.027903	E
178	E	0.052067	0.898838	0.019673	0.029423	E
179	I	0.085394	0.735712	0.145348	0.033546	E
180	D	0.082404	0.544560	0.322596	0.050440	E
181	T	0.150900	0.461655	0.331798	0.055647	E
182	K	0.267981	0.260745	0.417502	0.053772	C
183	S	0.411328	0.167820	0.379897	0.040954	H
184	Y	0.491721	0.179861	0.303544	0.024874	H
185	W	0.519979	0.082195	0.373264	0.024562	H
186	K	0.444810	0.060907	0.426450	0.067834	H
187	A	0.358609	0.114554	0.480039	0.046799	C
188	L	0.211762	0.111021	0.634901	0.042315	C
189	G	0.123482	0.070486	0.741846	0.064185	C
190	I	0.061556	0.106580	0.737106	0.094759	C
191	S	0.090151	0.131823	0.668696	0.109330	C
192	P	0.076340	0.164000	0.666167	0.093494	C
193	F	0.094125	0.314415	0.508215	0.083245	C
194	H	0.009493	0.252902	0.610988	0.126617	C
195	E	0.064730	0.294476	0.587567	0.053227	C
196	H	0.114913	0.477677	0.349359	0.058050	E
197	A	0.064046	0.489007	0.365906	0.081041	E
198	E	0.008338	0.549879	0.373346	0.068438	E
199	V	0.009558	0.649395	0.277265	0.063781	E
200	V	0.058505	0.677426	0.211962	0.052107	E
201	F	0.009313	0.625384	0.303788	0.061515	E
202	T	0.002988	0.736520	0.169163	0.091330	E
203	A	0.015188	0.613185	0.285217	0.086409	E
204	N	0.009278	0.528895	0.374730	0.087097	E
205	D	0.019523	0.293558	0.555547	0.131372	C
206	S	0.135498	0.131628	0.633412	0.099461	C
207	G	0.147145	0.074922	0.684591	0.093343	C
208	P	0.147355	0.124919	0.633202	0.094524	C
209	R	0.126283	0.132585	0.643386	0.097746	C
210	R	0.009654	0.356730	0.531616	0.102001	C
211	Y	0.047374	0.383468	0.492333	0.076825	C
212	T	0.002280	0.487942	0.470910	0.038868	E
213	I	0.275309	0.456154	0.236579	0.031957	E
214	A	0.069152	0.521635	0.323339	0.085874	E
215	A	0.034479	0.679393	0.198901	0.087227	E
216	L	0.135568	0.573513	0.225055	0.065864	E
217	L	0.124052	0.477071	0.355506	0.043372	E
218	S	0.129888	0.242992	0.599743	0.027378	C
219	P	0.152129	0.137704	0.675899	0.034267	C
220	Y	0.195007	0.081023	0.683454	0.040516	C
221	S	0.218685	0.205970	0.559648	0.015698	C
222	Y	0.179724	0.311647	0.468880	0.039749	C
223	S	0.206294	0.364910	0.405303	0.023493	C
224	T	0.185149	0.354528	0.418807	0.041515	C
225	T	0.055183	0.428257	0.486511	0.030049	C
226	A	0.153639	0.325683	0.452573	0.068106	C
227	V	0.128445	0.284260	0.521242	0.066053	C
228	V	0.161154	0.268611	0.496355	0.073880	C
229	T	0.104728	0.114206	0.659769	0.121296	C
230	N	0.012295	0.152316	0.746880	0.088508	C
