> rkretsch_464809726
#rid	resname	Helix	Beta	Coil	PPII	ss_kind
1	A	0.081551	0.092097	0.763789	0.062563	C
2	I	0.142997	0.090179	0.677282	0.089541	C
3	I	0.051632	0.252249	0.584474	0.111645	C
4	K	0.179338	0.142460	0.558292	0.119910	C
5	E	0.174774	0.215411	0.507461	0.102354	C
6	F	0.180324	0.173689	0.537187	0.108801	C
7	M	0.051351	0.391093	0.452499	0.105057	C
8	R	0.032671	0.595353	0.289961	0.082015	E
9	F	0.000719	0.735362	0.200178	0.063741	E
10	K	0.009390	0.879974	0.073453	0.037184	E
11	V	0.009001	0.830487	0.119450	0.041062	E
12	R	0.009500	0.936833	0.052430	0.001237	E
13	M	0.009281	0.881429	0.081555	0.027735	E
14	E	0.099361	0.749543	0.110394	0.040702	E
15	G	0.009491	0.627903	0.284716	0.077890	E
16	T	0.048093	0.443944	0.426940	0.081023	E
17	V	0.009660	0.443833	0.479886	0.066621	C
18	N	0.078007	0.295384	0.560541	0.066068	C
19	G	0.031732	0.282642	0.591113	0.094514	C
20	H	0.035398	0.438522	0.449304	0.076775	C
21	E	0.023062	0.508375	0.366403	0.102160	E
22	F	0.008329	0.709614	0.244641	0.037416	E
23	E	0.009492	0.915711	0.044425	0.030372	E
24	I	0.009219	0.872461	0.082689	0.035631	E
25	E	0.008851	0.873662	0.077316	0.040171	E
26	G	0.008869	0.653748	0.245151	0.092233	E
27	E	0.009717	0.602610	0.273640	0.114034	E
28	G	0.009710	0.518690	0.384515	0.087085	E
29	E	0.011486	0.485375	0.372753	0.130385	E
30	G	0.107854	0.384085	0.406751	0.101309	C
31	R	0.009400	0.426496	0.439685	0.124419	C
32	P	0.149894	0.274749	0.459468	0.115890	C
33	Y	0.009897	0.361644	0.502474	0.125986	C
34	E	0.031205	0.243956	0.604485	0.120354	C
35	G	0.170544	0.324022	0.406422	0.099012	C
36	F	0.042950	0.479411	0.401556	0.076083	E
37	Q	0.184479	0.510331	0.269290	0.035899	E
38	T	0.055807	0.634674	0.257930	0.051590	E
39	A	0.073180	0.683376	0.195383	0.048061	E
40	K	0.014852	0.659273	0.272074	0.053801	E
41	L	0.009134	0.737953	0.217367	0.035546	E
42	K	0.015146	0.847543	0.109789	0.027522	E
43	V	0.019475	0.710350	0.224817	0.045359	E
44	T	0.010242	0.559432	0.348418	0.081908	E
45	K	0.096189	0.287510	0.531278	0.085024	C
46	G	0.091246	0.230853	0.541243	0.136658	C
47	G	0.009618	0.301420	0.539506	0.149456	C
48	P	0.157819	0.259785	0.463564	0.118832	C
49	L	0.009435	0.313528	0.545787	0.131250	C
50	P	0.009647	0.340347	0.546595	0.103411	C
51	F	0.119614	0.387894	0.398538	0.093954	C
52	A	0.052282	0.377652	0.473311	0.096754	C
53	W	0.248458	0.404114	0.287539	0.059889	E
54	D	0.468172	0.214685	0.270177	0.046967	H
55	I	0.311383	0.327876	0.297778	0.062962	E
56	L	0.304886	0.367998	0.270829	0.056287	E
57	S	0.280213	0.320605	0.353697	0.045485	C
58	P	0.350853	0.192650	0.399403	0.057094	C
59	L	0.424606	0.237368	0.328314	0.009712	H
60	S	0.277018	0.294266	0.408106	0.020611	C
61	K	0.259068	0.302558	0.384550	0.053824	C
62	A	0.234178	0.432520	0.293375	0.039926	E
63	Y	0.201732	0.448674	0.300956	0.048638	E
64	V	0.010031	0.569132	0.347636	0.073201	E
65	K	0.197826	0.340718	0.380037	0.081418	C
66	H	0.037711	0.306480	0.564215	0.091594	C
67	P	0.077550	0.179720	0.644400	0.098329	C
68	A	0.189071	0.058365	0.655325	0.097238	C
69	D	0.108267	0.050206	0.741892	0.099635	C
70	I	0.101970	0.135448	0.642737	0.119845	C
71	P	0.268593	0.131542	0.506715	0.093149	C
72	D	0.399036	0.058445	0.453619	0.088900	C
73	Y	0.565331	0.061450	0.333762	0.039457	H
74	F	0.594941	0.118788	0.244942	0.041328	H
75	K	0.448157	0.173640	0.329661	0.048543	H
76	L	0.302854	0.177550	0.441459	0.078137	C
77	S	0.270362	0.222005	0.452602	0.055031	C
78	F	0.085166	0.220031	0.605449	0.089353	C
79	P	0.151363	0.129720	0.608433	0.110484	C
80	E	0.130619	0.154884	0.563020	0.151478	C
81	G	0.093023	0.268562	0.515600	0.122815	C
82	F	0.009525	0.326381	0.563699	0.100395	C
83	K	0.090602	0.525273	0.313448	0.070677	E
84	W	0.009655	0.672470	0.250779	0.067096	E
85	E	0.009125	0.752791	0.209059	0.029025	E
86	R	0.008735	0.643274	0.315597	0.032394	E
87	V	0.009114	0.700424	0.230657	0.059805	E
88	M	0.009633	0.718549	0.214129	0.057689	E
89	N	0.026998	0.651922	0.251750	0.069330	E
90	Y	0.041946	0.488618	0.373581	0.095855	E
91	E	0.137672	0.335939	0.433284	0.093105	C
92	D	0.107017	0.313237	0.486102	0.093644	C
93	G	0.111027	0.239327	0.570382	0.079264	C
94	G	0.009881	0.481924	0.431478	0.076717	E
95	V	0.009732	0.717269	0.225512	0.047487	E
96	V	0.009849	0.834698	0.141346	0.014107	E
97	T	0.001456	0.802625	0.154730	0.041190	E
98	V	0.009320	0.695460	0.267531	0.027689	E
99	T	0.059312	0.707814	0.182959	0.049915	E
100	Q	0.051538	0.641055	0.265687	0.041719	E
101	D	0.064681	0.670500	0.240537	0.024281	E
102	S	0.009814	0.715671	0.237508	0.037006	E
103	S	0.009464	0.754495	0.195381	0.040661	E
104	L	0.008752	0.663406	0.268732	0.059110	E
105	Q	0.090818	0.553797	0.301881	0.053504	E
106	D	0.094139	0.394405	0.434883	0.076573	C
107	G	0.006547	0.322013	0.576929	0.094511	C
108	E	0.032804	0.629759	0.273212	0.064224	E
109	F	0.009419	0.643378	0.278271	0.068932	E
110	I	0.008696	0.692846	0.233471	0.064987	E
111	Y	0.018566	0.798342	0.159580	0.023512	E
112	K	0.009570	0.817938	0.168945	0.003547	E
113	V	0.009054	0.857535	0.118123	0.015288	E
114	K	0.009677	0.899038	0.051792	0.039493	E
115	M	0.009187	0.739154	0.207062	0.044597	E
116	R	0.009660	0.743512	0.198208	0.048620	E
117	G	0.046282	0.669549	0.216437	0.067732	E
118	T	0.067549	0.484373	0.364885	0.083193	E
119	N	0.096007	0.371126	0.462260	0.070607	C
120	F	0.131721	0.206838	0.546823	0.114617	C
121	P	0.181891	0.076676	0.613405	0.128028	C
122	S	0.126834	0.080976	0.680563	0.111627	C
123	D	0.056142	0.190955	0.637239	0.115664	C
124	G	0.145073	0.118445	0.609279	0.127203	C
125	P	0.194016	0.090922	0.595122	0.119940	C
126	V	0.083239	0.250741	0.561662	0.104358	C
127	M	0.085939	0.234999	0.571802	0.107260	C
128	Q	0.151240	0.138186	0.594360	0.116213	C
129	K	0.216624	0.146626	0.545961	0.090789	C
130	K	0.145868	0.211403	0.540819	0.101910	C
131	T	0.167753	0.312843	0.422954	0.096450	C
132	M	0.149493	0.256540	0.488424	0.105543	C
133	G	0.019514	0.290976	0.570380	0.119129	C
134	W	0.025022	0.387179	0.484340	0.103459	C
135	E	0.009888	0.376654	0.505718	0.107740	C
136	A	0.056171	0.299299	0.545977	0.098553	C
137	S	0.155600	0.258044	0.508642	0.077713	C
138	S	0.250648	0.175675	0.498651	0.075026	C
139	E	0.138903	0.491459	0.329279	0.040358	E
140	R	0.043875	0.644549	0.234276	0.077301	E
141	M	0.009817	0.661646	0.261481	0.067056	E
142	Y	0.009415	0.628952	0.282680	0.078953	E
143	P	0.084357	0.475496	0.375213	0.064934	E
144	E	0.028384	0.359117	0.532116	0.080383	C
145	D	0.062703	0.250242	0.597846	0.089209	C
146	G	0.095756	0.314722	0.517950	0.071573	C
147	A	0.009614	0.470041	0.428945	0.091400	E
148	L	0.023399	0.608200	0.315097	0.053305	E
149	K	0.046530	0.657536	0.249489	0.046446	E
150	G	0.260609	0.535004	0.177355	0.027032	E
151	E	0.196150	0.593812	0.163935	0.046103	E
152	I	0.121331	0.604259	0.233515	0.040895	E
153	R	0.298529	0.542078	0.152797	0.006596	E
154	M	0.184794	0.586560	0.203529	0.025117	E
155	R	0.119340	0.749230	0.102996	0.028433	E
156	L	0.068772	0.599766	0.290771	0.040691	E
157	K	0.021394	0.650733	0.265340	0.062534	E
158	L	0.006683	0.531329	0.384778	0.077211	E
159	K	0.116002	0.352649	0.441871	0.089478	C
160	D	0.079633	0.279173	0.515468	0.125726	C
161	G	0.119578	0.162844	0.590219	0.127359	C
162	G	0.009447	0.353419	0.521662	0.115472	C
163	H	0.009183	0.489597	0.396871	0.104349	E
164	Y	0.009465	0.699417	0.241658	0.049460	E
165	T	0.008905	0.766856	0.183842	0.040397	E
166	S	0.053135	0.743767	0.141326	0.061773	E
167	E	0.009743	0.707989	0.230866	0.051401	E
168	V	0.017044	0.705050	0.239915	0.037991	E
169	K	0.122332	0.543122	0.291257	0.043289	E
170	T	0.060487	0.522085	0.338357	0.079071	E
171	T	0.089547	0.442053	0.396845	0.071555	E
172	Y	0.211243	0.311524	0.414967	0.062267	C
173	K	0.045744	0.386728	0.491732	0.075796	C
174	A	0.114611	0.145678	0.611803	0.127909	C
175	K	0.171230	0.083414	0.619889	0.125468	C
176	K	0.113589	0.118601	0.614244	0.153566	C
177	S	0.058322	0.195242	0.587472	0.158963	C
178	V	0.005401	0.306839	0.535436	0.152323	C
179	Q	0.009380	0.256830	0.568036	0.165754	C
180	L	0.023171	0.186512	0.593330	0.196987	C
181	P	0.013893	0.239302	0.547351	0.199453	C
182	G	0.105652	0.210464	0.523165	0.160719	C
183	A	0.289804	0.189161	0.441052	0.079983	C
184	Y	0.195538	0.230023	0.497953	0.076486	C
185	I	0.188718	0.468330	0.293024	0.049928	E
186	V	0.209768	0.530667	0.194701	0.064864	E
187	G	0.076569	0.577530	0.288813	0.057088	E
188	I	0.062789	0.722702	0.192611	0.021898	E
189	K	0.112128	0.605443	0.258575	0.023854	E
190	L	0.016656	0.684167	0.263886	0.035291	E
191	D	0.126310	0.761438	0.068401	0.043851	E
192	I	0.009631	0.728485	0.188632	0.073251	E
193	T	0.028053	0.606195	0.274543	0.091209	E
194	S	0.077392	0.404027	0.419895	0.098685	C
195	H	0.130565	0.253188	0.507754	0.108493	C
196	N	0.095806	0.207035	0.587416	0.109744	C
197	E	0.098956	0.161186	0.642763	0.097096	C
198	D	0.184476	0.188960	0.546029	0.080536	C
199	Y	0.153377	0.270221	0.513428	0.062974	C
200	T	0.120497	0.349176	0.457359	0.072968	C
201	I	0.127594	0.572962	0.257188	0.042255	E
202	V	0.085232	0.711462	0.171403	0.031904	E
203	E	0.182638	0.776030	0.009807	0.031524	E
204	Q	0.143763	0.677623	0.141797	0.036818	E
205	Y	0.296321	0.488014	0.189514	0.026150	E
206	E	0.234587	0.507835	0.212263	0.045315	E
207	R	0.235722	0.325339	0.386202	0.052736	C
208	A	0.250154	0.275973	0.398958	0.074915	C
209	E	0.180795	0.271222	0.459748	0.088235	C
210	G	0.197891	0.248988	0.477343	0.075777	C
211	R	0.206568	0.251620	0.460088	0.081724	C
212	H	0.268117	0.262199	0.403843	0.065841	C
213	S	0.287831	0.229275	0.409444	0.073451	C
214	T	0.297911	0.195429	0.440734	0.065927	C
215	A	0.355632	0.178386	0.417142	0.048840	C
216	I	0.264729	0.171745	0.511291	0.052235	C
217	I	0.144193	0.242132	0.524935	0.088740	C
218	K	0.202034	0.171106	0.529892	0.096968	C
219	E	0.165031	0.222131	0.516416	0.096422	C
220	F	0.173421	0.200804	0.523159	0.102616	C
221	M	0.047493	0.394686	0.455210	0.102612	C
222	R	0.017960	0.609908	0.280676	0.091456	E
223	F	0.021045	0.757456	0.163181	0.058317	E
224	K	0.009399	0.881780	0.069650	0.039170	E
225	V	0.009285	0.828484	0.121418	0.040813	E
226	R	0.009570	0.936001	0.051591	0.002838	E
227	M	0.009308	0.880406	0.082987	0.027300	E
228	E	0.108884	0.744182	0.106314	0.040620	E
229	G	0.009551	0.632634	0.276864	0.080950	E
230	T	0.058503	0.438713	0.421871	0.080913	E
231	V	0.009728	0.448271	0.471459	0.070542	C
232	N	0.084628	0.294976	0.553945	0.066450	C
233	G	0.042177	0.301922	0.566788	0.089114	C
234	H	0.027402	0.493734	0.411496	0.067368	E
235	E	0.024630	0.494607	0.379576	0.101187	E
236	F	0.008694	0.723874	0.233584	0.033848	E
237	E	0.009749	0.922798	0.038736	0.028717	E
238	I	0.009144	0.878992	0.075398	0.036465	E
239	E	0.010952	0.849719	0.095236	0.044092	E
240	G	0.008812	0.652383	0.242193	0.096613	E
241	E	0.009692	0.608020	0.266148	0.116140	E
242	G	0.009605	0.519341	0.383808	0.087246	E
243	E	0.012276	0.470660	0.386385	0.130679	E
244	G	0.123427	0.341533	0.428700	0.106340	C
245	R	0.009644	0.405596	0.462658	0.122103	C
246	P	0.097771	0.268806	0.508869	0.124554	C
247	Y	0.045739	0.301672	0.509504	0.143085	C
248	E	0.032773	0.264119	0.575197	0.127911	C
249	G	0.150673	0.367775	0.384753	0.096799	C
250	F	0.035941	0.488791	0.395992	0.079276	E
251	Q	0.141571	0.570109	0.255846	0.032474	E
252	T	0.048816	0.658300	0.238200	0.054685	E
253	A	0.058568	0.690757	0.198175	0.052500	E
254	K	0.009871	0.674851	0.260045	0.055233	E
255	L	0.009102	0.745959	0.206976	0.037964	E
256	K	0.015208	0.854211	0.100090	0.030491	E
257	V	0.017462	0.714631	0.221395	0.046512	E
258	T	0.009303	0.567461	0.342505	0.080731	E
259	K	0.099007	0.289565	0.527302	0.084125	C
260	G	0.099076	0.224527	0.544719	0.131678	C
261	G	0.009507	0.304272	0.537476	0.148745	C
262	P	0.151503	0.261998	0.469611	0.116888	C
263	L	0.009367	0.311690	0.546021	0.132922	C
264	P	0.009714	0.340369	0.544330	0.105587	C
265	F	0.118591	0.388526	0.399617	0.093266	C
266	A	0.055090	0.377265	0.472417	0.095228	C
267	W	0.239905	0.409733	0.288416	0.061946	E
268	D	0.447079	0.228469	0.274390	0.050062	H
269	I	0.305283	0.342895	0.290584	0.061239	E
270	L	0.287275	0.388486	0.267803	0.056436	E
271	S	0.276951	0.334390	0.345708	0.042951	C
272	P	0.348967	0.208799	0.383946	0.058288	C
273	L	0.418920	0.240000	0.332678	0.008403	H
274	S	0.285845	0.285546	0.414113	0.014496	C
275	K	0.254818	0.293350	0.399351	0.052480	C
276	A	0.244416	0.432689	0.280496	0.042400	E
277	Y	0.214586	0.434650	0.300967	0.049797	E
278	V	0.016696	0.556004	0.352805	0.074495	E
279	K	0.200333	0.334383	0.383287	0.081997	C
280	H	0.048625	0.300758	0.558830	0.091786	C
281	P	0.074030	0.175788	0.648376	0.101806	C
282	A	0.184232	0.067436	0.649650	0.098682	C
283	D	0.116891	0.038746	0.744712	0.099651	C
284	I	0.112105	0.132613	0.636478	0.118803	C
285	P	0.242720	0.135032	0.524919	0.097329	C
286	D	0.361802	0.060193	0.482509	0.095496	C
287	Y	0.544536	0.059942	0.354224	0.041299	H
288	F	0.561067	0.131966	0.262652	0.044316	H
289	K	0.443764	0.184124	0.324632	0.047480	H
290	L	0.299281	0.187637	0.434183	0.078899	C
291	S	0.267451	0.222767	0.449260	0.060522	C
292	F	0.086988	0.221063	0.605223	0.086727	C
293	P	0.140411	0.135926	0.612735	0.110928	C
294	E	0.120636	0.150048	0.575982	0.153334	C
295	G	0.092442	0.265407	0.521438	0.120713	C
296	F	0.009546	0.326353	0.563240	0.100861	C
297	K	0.092206	0.523389	0.312063	0.072342	E
298	W	0.009656	0.673235	0.250615	0.066494	E
299	E	0.009157	0.751331	0.209995	0.029517	E
300	R	0.008735	0.640514	0.318292	0.032458	E
301	V	0.009090	0.700213	0.230813	0.059884	E
302	M	0.009651	0.716727	0.215747	0.057874	E
303	N	0.025453	0.653152	0.251579	0.069816	E
304	Y	0.042922	0.495694	0.366746	0.094638	E
305	E	0.138225	0.339680	0.429737	0.092358	C
306	D	0.104608	0.292995	0.504315	0.098082	C
307	G	0.091292	0.255338	0.571911	0.081460	C
308	G	0.015755	0.476538	0.430809	0.076898	E
309	V	0.006811	0.679250	0.265713	0.048226	E
310	V	0.007930	0.787578	0.181712	0.022780	E
311	T	0.031042	0.758820	0.161833	0.048305	E
312	V	0.009682	0.714505	0.249641	0.026171	E
313	T	0.060450	0.700364	0.188537	0.050649	E
314	Q	0.051124	0.641070	0.265630	0.042177	E
315	D	0.054663	0.670865	0.250981	0.023490	E
316	S	0.009811	0.714432	0.241287	0.034470	E
317	S	0.009506	0.733566	0.221796	0.035132	E
318	L	0.008743	0.662234	0.273376	0.055647	E
319	Q	0.101645	0.536092	0.311251	0.051012	E
320	D	0.049069	0.419301	0.450023	0.081607	C
321	G	0.009691	0.340279	0.551800	0.098229	C
322	E	0.017864	0.641628	0.278428	0.062079	E
323	F	0.009506	0.655033	0.261693	0.073767	E
324	I	0.008681	0.643358	0.286258	0.061703	E
325	Y	0.009726	0.757668	0.197527	0.035079	E
326	K	0.009337	0.807497	0.173829	0.009337	E
327	V	0.009126	0.851268	0.122425	0.017180	E
328	K	0.009510	0.875299	0.081574	0.033617	E
329	M	0.008938	0.703765	0.249324	0.037974	E
330	R	0.009679	0.713737	0.237843	0.038741	E
331	G	0.026417	0.646919	0.256628	0.070036	E
332	T	0.045573	0.486876	0.381879	0.085673	E
333	N	0.075847	0.389229	0.456377	0.078547	C
334	F	0.114965	0.188809	0.575168	0.121058	C
335	P	0.173056	0.080801	0.617512	0.128631	C
336	S	0.129782	0.071264	0.687576	0.111377	C
337	D	0.050791	0.201280	0.634453	0.113476	C
338	G	0.172461	0.108591	0.591776	0.127172	C
339	P	0.184279	0.088060	0.604517	0.123144	C
340	V	0.103999	0.244022	0.547519	0.104460	C
341	M	0.102660	0.218631	0.573921	0.104788	C
342	Q	0.166303	0.116447	0.601827	0.115423	C
343	K	0.225856	0.111810	0.565403	0.096931	C
344	K	0.186499	0.198034	0.518599	0.096868	C
345	T	0.171816	0.328412	0.404339	0.095433	C
346	M	0.164148	0.253262	0.477865	0.104726	C
347	G	0.034291	0.280380	0.567769	0.117560	C
348	W	0.024457	0.389970	0.480988	0.104584	C
349	E	0.009893	0.368544	0.515152	0.106411	C
350	A	0.061079	0.295493	0.543119	0.100309	C
351	S	0.167261	0.249123	0.508329	0.075286	C
352	S	0.286803	0.150396	0.493419	0.069382	C
353	E	0.187209	0.463352	0.316728	0.032710	E
354	R	0.080464	0.616615	0.233498	0.069423	E
355	M	0.009865	0.643411	0.271989	0.074735	E
356	Y	0.009509	0.619389	0.292666	0.078436	E
357	P	0.093757	0.479144	0.365706	0.061394	E
358	E	0.047584	0.346915	0.525460	0.080040	C
359	D	0.062673	0.261031	0.589798	0.086498	C
360	G	0.125198	0.283706	0.520564	0.070532	C
361	A	0.017946	0.463675	0.431822	0.086556	E
362	L	0.021113	0.624212	0.303779	0.050897	E
363	K	0.070079	0.653277	0.231564	0.045080	E
364	G	0.267872	0.555173	0.151985	0.024970	E
365	E	0.202720	0.606054	0.147485	0.043741	E
366	I	0.109001	0.631890	0.220895	0.038213	E
367	R	0.271034	0.571256	0.154724	0.002985	E
368	M	0.175185	0.605065	0.193906	0.025845	E
369	R	0.110432	0.742382	0.122142	0.025044	E
370	L	0.060729	0.619883	0.280552	0.038836	E
371	K	0.009893	0.656046	0.267936	0.066125	E
372	L	0.020967	0.532945	0.372051	0.074038	E
373	K	0.130118	0.345117	0.443006	0.081759	C
374	D	0.060247	0.287367	0.527566	0.124820	C
375	G	0.104437	0.237255	0.535837	0.122471	C
376	G	0.009687	0.390474	0.487691	0.112149	C
377	H	0.009326	0.491651	0.391470	0.107554	E
378	Y	0.008995	0.719871	0.210260	0.060874	E
379	T	0.009368	0.828561	0.121024	0.041047	E
380	S	0.071597	0.766524	0.111234	0.050644	E
381	E	0.040059	0.714471	0.186801	0.058669	E
382	V	0.025343	0.696585	0.235049	0.043023	E
383	K	0.080223	0.522203	0.357867	0.039707	E
384	T	0.053443	0.517485	0.347556	0.081516	E
385	T	0.024911	0.506165	0.390937	0.077986	E
386	Y	0.155362	0.381593	0.388566	0.074479	C
387	K	0.026441	0.403183	0.489437	0.080939	C
388	A	0.045403	0.214775	0.622503	0.117319	C
389	K	0.143551	0.115557	0.619641	0.121251	C
390	K	0.108974	0.130938	0.608269	0.151820	C
391	S	0.058894	0.192921	0.584180	0.164004	C
392	V	0.009886	0.289722	0.538060	0.162332	C
393	Q	0.009236	0.238109	0.584610	0.168045	C
394	L	0.010351	0.209526	0.584594	0.195529	C
395	P	0.009751	0.247079	0.542898	0.200272	C
396	G	0.118813	0.254236	0.463441	0.163511	C
397	A	0.341163	0.219720	0.362281	0.076836	C
398	Y	0.176858	0.231404	0.516755	0.074983	C
399	I	0.212716	0.394043	0.339612	0.053629	E
400	V	0.287584	0.434043	0.213448	0.064924	E
401	G	0.058612	0.557318	0.333824	0.050246	E
402	I	0.041281	0.619649	0.314654	0.024415	E
403	K	0.148966	0.555381	0.281937	0.013717	E
404	L	0.009659	0.605531	0.336019	0.048791	E
405	D	0.086092	0.675317	0.172126	0.066465	E
406	I	0.046423	0.617036	0.246780	0.089760	E
407	T	0.067066	0.464803	0.362822	0.105309	E
408	S	0.122993	0.308035	0.468943	0.100029	C
409	H	0.139958	0.259067	0.496888	0.104088	C
410	N	0.131939	0.213983	0.549204	0.104874	C
411	E	0.152073	0.154690	0.604971	0.088266	C
412	D	0.183134	0.152983	0.583391	0.080491	C
413	Y	0.140108	0.259639	0.532414	0.067839	C
414	T	0.121198	0.397275	0.417346	0.064181	C
415	I	0.102041	0.580896	0.270823	0.046240	E
416	V	0.093546	0.663463	0.217247	0.025744	E
417	E	0.192047	0.779899	0.027751	0.000303	E
418	Q	0.169419	0.673397	0.134405	0.022779	E
419	Y	0.329651	0.588518	0.066737	0.015094	E
420	E	0.360036	0.539673	0.077420	0.022871	E
421	R	0.401328	0.426970	0.146988	0.024714	E
422	A	0.388512	0.387185	0.165056	0.059247	H
423	E	0.299353	0.374186	0.268968	0.057493	E
424	G	0.220644	0.346607	0.361798	0.070951	C
425	R	0.253818	0.298588	0.397732	0.049862	C
426	H	0.074973	0.351530	0.509375	0.064123	C
427	S	0.009524	0.315799	0.591460	0.083217	C
428	T	0.052263	0.156606	0.696192	0.094939	C
429	G	0.053194	0.108840	0.675542	0.162423	C
430	G	0.009609	0.142744	0.718766	0.128880	C
