> rkretsch_1026966500
#rid	resname	Helix	Beta	Coil	PPII	ss_kind
1	S	0.152178	0.075821	0.719162	0.052839	C
2	G	0.156107	0.084022	0.655070	0.104802	C
3	V	0.198148	0.148036	0.571571	0.082245	C
4	I	0.100837	0.206049	0.588274	0.104840	C
5	K	0.173799	0.141139	0.562404	0.122658	C
6	P	0.111389	0.197193	0.583440	0.107978	C
7	D	0.113412	0.191090	0.599536	0.095962	C
8	M	0.053341	0.381346	0.468009	0.097304	C
9	K	0.003015	0.645192	0.282589	0.069204	E
10	I	0.009729	0.747115	0.185753	0.057403	E
11	K	0.009106	0.889627	0.065968	0.035299	E
12	L	0.009012	0.868815	0.082997	0.039176	E
13	K	0.009729	0.963204	0.021178	0.005889	E
14	M	0.009228	0.879155	0.082841	0.028776	E
15	E	0.073273	0.744362	0.137093	0.045273	E
16	G	0.009282	0.630470	0.276719	0.083529	E
17	N	0.050302	0.438341	0.420295	0.091061	E
18	V	0.009432	0.451680	0.464640	0.074247	C
19	N	0.045553	0.322884	0.561671	0.069891	C
20	G	0.042340	0.294245	0.563806	0.099609	C
21	Y	0.053388	0.419182	0.451297	0.076133	C
22	A	0.009825	0.513702	0.385839	0.090634	E
23	F	0.008746	0.692725	0.241858	0.056671	E
24	V	0.009051	0.820203	0.121042	0.049704	E
25	I	0.009833	0.819381	0.131578	0.039209	E
26	E	0.030339	0.807222	0.126320	0.036119	E
27	G	0.008841	0.644681	0.255378	0.091100	E
28	E	0.009820	0.576711	0.295914	0.117555	E
29	G	0.009793	0.495901	0.405077	0.089229	E
30	E	0.014669	0.463286	0.384702	0.137343	E
31	G	0.130541	0.337231	0.418655	0.113573	C
32	K	0.009509	0.407354	0.460397	0.122740	C
33	P	0.062022	0.255242	0.542949	0.139787	C
34	Y	0.013796	0.283287	0.550466	0.152451	C
35	D	0.004648	0.263116	0.599029	0.133207	C
36	G	0.061678	0.414664	0.415610	0.108048	C
37	T	0.009462	0.553700	0.364990	0.071848	E
38	N	0.056521	0.624945	0.270229	0.048305	E
39	T	0.017175	0.674950	0.256377	0.051499	E
40	I	0.009478	0.716243	0.227282	0.046997	E
41	N	0.009002	0.672290	0.257474	0.061234	E
42	L	0.009195	0.761988	0.188769	0.040048	E
43	E	0.034455	0.888421	0.028486	0.048638	E
44	V	0.017996	0.714620	0.218909	0.048475	E
45	K	0.035090	0.562767	0.321419	0.080724	E
46	E	0.111164	0.274593	0.519789	0.094454	C
47	G	0.109100	0.226807	0.536679	0.127415	C
48	A	0.006373	0.286158	0.553200	0.154269	C
49	P	0.119524	0.284528	0.469660	0.126288	C
50	L	0.018196	0.315614	0.534506	0.131684	C
51	P	0.009758	0.361698	0.543896	0.084649	C
52	F	0.113438	0.378330	0.418328	0.089904	C
53	S	0.030626	0.359792	0.507747	0.101834	C
54	Y	0.194999	0.359383	0.367660	0.077959	C
55	D	0.399781	0.170024	0.382056	0.048139	H
56	I	0.372791	0.239213	0.336214	0.051782	H
57	L	0.334681	0.341255	0.279596	0.044468	E
58	T	0.358708	0.205709	0.395899	0.039684	C
59	T	0.394091	0.134212	0.416824	0.054872	C
60	A	0.330989	0.184355	0.438738	0.045918	C
61	F	0.308811	0.220462	0.417292	0.053435	C
62	N	0.263570	0.203343	0.491274	0.041813	C
63	R	0.324732	0.200338	0.384668	0.090261	C
64	A	0.298419	0.359573	0.304091	0.037916	E
65	F	0.236296	0.351287	0.353187	0.059230	C
66	T	0.204219	0.321153	0.418139	0.056490	C
67	K	0.182987	0.274875	0.455026	0.087112	C
68	Y	0.067201	0.243609	0.596237	0.092954	C
69	P	0.089015	0.219038	0.583250	0.108696	C
70	D	0.225784	0.069725	0.612930	0.091560	C
71	D	0.202084	0.009633	0.685788	0.102495	C
72	I	0.170611	0.066688	0.649296	0.113404	C
73	P	0.333905	0.131459	0.454072	0.080565	C
74	N	0.518692	0.049869	0.373915	0.057525	H
75	Y	0.642859	0.086481	0.250481	0.020179	H
76	F	0.680116	0.075400	0.206636	0.037848	H
77	K	0.544303	0.139888	0.270588	0.045221	H
78	Q	0.479438	0.100919	0.362278	0.057365	H
79	S	0.357298	0.218037	0.370937	0.053728	C
80	F	0.202465	0.174494	0.546353	0.076687	C
81	P	0.189522	0.130164	0.572711	0.107603	C
82	E	0.162542	0.115574	0.575357	0.146528	C
83	G	0.146017	0.229624	0.507640	0.116719	C
84	Y	0.009644	0.304114	0.591859	0.094384	C
85	S	0.090085	0.502651	0.332310	0.074954	E
86	W	0.009349	0.614172	0.297550	0.078929	E
87	E	0.009448	0.748378	0.212081	0.030093	E
88	R	0.008388	0.648784	0.306036	0.036793	E
89	T	0.009709	0.786094	0.159891	0.044306	E
90	M	0.002196	0.713661	0.225119	0.059024	E
91	T	0.009685	0.675335	0.250601	0.064379	E
92	F	0.049296	0.485071	0.371166	0.094467	E
93	E	0.151978	0.337666	0.420914	0.089443	C
94	D	0.126180	0.330166	0.458378	0.085276	C
95	K	0.091403	0.281325	0.546098	0.081174	C
96	G	0.009807	0.485747	0.422573	0.081874	E
97	I	0.009342	0.731779	0.203006	0.055873	E
98	V	0.009303	0.827336	0.144255	0.019106	E
99	K	0.009433	0.801021	0.153656	0.035890	E
100	V	0.009213	0.737895	0.236728	0.016164	E
101	K	0.073612	0.774586	0.129632	0.022170	E
102	S	0.052683	0.634087	0.266720	0.046510	E
103	D	0.031461	0.712829	0.220814	0.034896	E
104	I	0.009655	0.759298	0.193277	0.037770	E
105	S	0.009654	0.810986	0.128304	0.051055	E
106	L	0.008838	0.688637	0.232398	0.070127	E
107	E	0.068624	0.562089	0.304940	0.064347	E
108	E	0.098926	0.396961	0.424871	0.079242	C
109	D	0.009718	0.369565	0.536186	0.084531	C
110	S	0.014226	0.699522	0.218829	0.067423	E
111	F	0.009199	0.667491	0.276780	0.046531	E
112	I	0.008506	0.680597	0.254000	0.056896	E
113	Y	0.009427	0.749722	0.210381	0.030470	E
114	E	0.009565	0.783285	0.200678	0.006472	E
115	I	0.009371	0.771904	0.184636	0.034089	E
116	Y	0.009342	0.816978	0.132662	0.041018	E
117	L	0.009184	0.740303	0.214050	0.036463	E
118	K	0.009375	0.678809	0.271943	0.039873	E
119	G	0.009747	0.597667	0.323084	0.069502	E
120	E	0.032485	0.502599	0.373785	0.091131	E
121	N	0.065551	0.422226	0.442182	0.070041	C
122	F	0.095640	0.217677	0.568360	0.118323	C
123	P	0.168788	0.093032	0.605514	0.132666	C
124	P	0.082343	0.138883	0.662493	0.116281	C
125	N	0.064638	0.186938	0.642366	0.106058	C
126	G	0.155971	0.103278	0.620375	0.120376	C
127	P	0.189842	0.120283	0.576684	0.113191	C
128	V	0.110358	0.242461	0.549931	0.097250	C
129	M	0.104268	0.221284	0.565968	0.108480	C
130	Q	0.171082	0.133774	0.581572	0.113573	C
131	K	0.225685	0.121724	0.550898	0.101693	C
132	K	0.171722	0.209927	0.521757	0.096594	C
133	T	0.147560	0.311154	0.436119	0.105166	C
134	T	0.117801	0.216872	0.548016	0.117311	C
135	G	0.001136	0.249899	0.605992	0.142973	C
136	W	0.054202	0.364493	0.456072	0.125234	C
137	D	0.022335	0.337042	0.522200	0.118423	C
138	A	0.034563	0.270834	0.586751	0.107851	C
139	S	0.123214	0.227169	0.553897	0.095720	C
140	T	0.187347	0.150335	0.567741	0.094577	C
141	E	0.078948	0.477639	0.379311	0.064102	E
142	R	0.018904	0.637834	0.248553	0.094710	E
143	M	0.009660	0.639702	0.283260	0.067378	E
144	Y	0.009523	0.681822	0.243460	0.065195	E
145	V	0.043249	0.565269	0.325765	0.065717	E
146	R	0.063875	0.383071	0.481796	0.071258	C
147	D	0.080912	0.328377	0.516542	0.074169	C
148	G	0.070509	0.305154	0.548347	0.075989	C
149	V	0.016111	0.436144	0.467438	0.080307	C
150	L	0.009641	0.557868	0.374951	0.057540	E
151	K	0.090461	0.623020	0.224446	0.062073	E
152	G	0.199022	0.544662	0.210015	0.046302	E
153	D	0.184125	0.622967	0.147205	0.045703	E
154	V	0.171607	0.576121	0.212230	0.040042	E
155	K	0.295801	0.484074	0.203183	0.016942	E
156	H	0.264544	0.500270	0.217599	0.017587	E
157	K	0.166436	0.578778	0.204071	0.050715	E
158	L	0.190012	0.476844	0.287190	0.045953	E
159	L	0.062378	0.527125	0.336199	0.074298	E
160	L	0.009757	0.459062	0.444316	0.086865	E
161	E	0.110599	0.379728	0.439627	0.070046	C
162	G	0.106452	0.253226	0.521585	0.118736	C
163	G	0.141655	0.165660	0.569229	0.123456	C
164	G	0.009167	0.430742	0.450340	0.109751	C
165	Y	0.009129	0.533749	0.355015	0.102107	E
166	Y	0.008707	0.685444	0.246799	0.059050	E
167	R	0.008821	0.781987	0.171703	0.037489	E
168	V	0.009497	0.717409	0.216764	0.056331	E
169	D	0.009362	0.738918	0.208586	0.043134	E
170	F	0.009618	0.711276	0.237833	0.041273	E
171	K	0.070431	0.586520	0.293300	0.049749	E
172	T	0.009748	0.645560	0.261453	0.083239	E
173	I	0.083798	0.468952	0.364664	0.082585	E
174	Y	0.181933	0.312640	0.434782	0.070645	C
175	R	0.060058	0.333956	0.520080	0.085906	C
176	A	0.130738	0.135412	0.604689	0.129161	C
177	K	0.194278	0.061499	0.639657	0.104567	C
178	K	0.159992	0.086849	0.611988	0.141172	C
179	A	0.057945	0.172984	0.611382	0.157690	C
180	V	0.010893	0.298456	0.539314	0.151338	C
181	K	0.009059	0.237299	0.594017	0.159625	C
182	L	0.009746	0.229225	0.572832	0.188197	C
183	P	0.009291	0.250726	0.542480	0.197503	C
184	D	0.095893	0.223823	0.516453	0.163831	C
185	Y	0.223576	0.186652	0.485278	0.104494	C
186	H	0.084214	0.322512	0.513051	0.080222	C
187	F	0.271122	0.406462	0.274526	0.047891	E
188	V	0.267836	0.484785	0.177790	0.069589	E
189	D	0.142714	0.586678	0.217437	0.053171	E
190	H	0.119534	0.615237	0.234734	0.030495	E
191	R	0.198728	0.581419	0.202714	0.017140	E
192	I	0.001207	0.655825	0.327027	0.015941	E
193	E	0.057463	0.698080	0.180786	0.063671	E
194	I	0.009699	0.665145	0.236798	0.088358	E
195	L	0.018376	0.582421	0.289368	0.109835	E
196	N	0.092303	0.416269	0.383204	0.108224	E
197	Y	0.144394	0.296072	0.442932	0.116603	C
198	D	0.141550	0.194512	0.548831	0.115108	C
199	K	0.190943	0.145711	0.566978	0.096369	C
200	D	0.193330	0.106703	0.605565	0.094402	C
201	Y	0.210344	0.135766	0.573025	0.080865	C
202	N	0.078642	0.307619	0.510449	0.103290	C
203	K	0.096222	0.555452	0.268015	0.080311	E
204	V	0.143427	0.687656	0.142567	0.026350	E
205	T	0.223382	0.719763	0.031616	0.025239	E
206	V	0.151709	0.624571	0.189862	0.033857	E
207	Y	0.376296	0.493596	0.087255	0.042853	E
208	E	0.405964	0.475051	0.065913	0.053072	E
209	S	0.380523	0.315728	0.252669	0.051080	H
210	A	0.412827	0.278888	0.252780	0.055505	H
211	V	0.461303	0.145908	0.333079	0.059710	H
212	A	0.359098	0.255294	0.316005	0.069603	H
213	R	0.376246	0.210468	0.349803	0.063483	H
214	N	0.353580	0.166622	0.423531	0.056266	C
215	S	0.227935	0.227429	0.479753	0.064882	C
216	T	0.201424	0.145715	0.569982	0.082880	C
217	D	0.304548	0.152171	0.474815	0.068466	C
218	S	0.331626	0.175457	0.427781	0.065137	C
219	G	0.255232	0.144948	0.512233	0.087587	C
220	V	0.221793	0.126102	0.570591	0.081514	C
221	I	0.140437	0.185916	0.559870	0.113776	C
222	K	0.153889	0.168588	0.557292	0.120231	C
223	P	0.137844	0.192275	0.564931	0.104949	C
224	D	0.110919	0.221640	0.579680	0.087761	C
225	M	0.048950	0.393036	0.462818	0.095196	C
226	K	0.009165	0.641100	0.267650	0.082086	E
227	I	0.006244	0.777230	0.162132	0.054394	E
228	K	0.009198	0.892291	0.060098	0.038413	E
229	L	0.009352	0.870022	0.083263	0.037363	E
230	K	0.009687	0.966472	0.016846	0.006994	E
231	M	0.009289	0.879599	0.083249	0.027863	E
232	E	0.089741	0.734500	0.130356	0.045403	E
233	G	0.009366	0.630657	0.273440	0.086537	E
234	N	0.062334	0.429228	0.417565	0.090872	E
235	V	0.009496	0.453555	0.458586	0.078363	C
236	N	0.053655	0.320933	0.555072	0.070340	C
237	G	0.053894	0.310538	0.541499	0.094069	C
238	Y	0.046966	0.471643	0.415675	0.065716	E
239	A	0.002402	0.522170	0.385473	0.089956	E
240	F	0.009056	0.703559	0.234606	0.052779	E
241	V	0.009092	0.822235	0.121519	0.047154	E
242	I	0.009798	0.813742	0.132875	0.043585	E
243	E	0.022782	0.780314	0.154772	0.042132	E
244	G	0.008847	0.639053	0.257276	0.094824	E
245	E	0.009747	0.588118	0.285790	0.116346	E
246	G	0.009721	0.499430	0.399747	0.091102	E
247	E	0.010697	0.456471	0.395281	0.137551	E
248	G	0.128823	0.330158	0.428322	0.112697	C
249	K	0.009482	0.402308	0.467358	0.120852	C
250	P	0.068036	0.252797	0.542776	0.136391	C
251	Y	0.015789	0.287501	0.547447	0.149263	C
252	D	0.019591	0.262428	0.586241	0.131740	C
253	G	0.069086	0.419916	0.406619	0.104379	E
254	T	0.009544	0.545935	0.371301	0.073220	E
255	N	0.062697	0.615213	0.274575	0.047514	E
256	T	0.021239	0.664009	0.262916	0.051836	E
257	I	0.009551	0.711281	0.232800	0.046368	E
258	N	0.009047	0.665635	0.262521	0.062796	E
259	L	0.009220	0.762894	0.187621	0.040265	E
260	E	0.037567	0.884655	0.029946	0.047832	E
261	V	0.018738	0.714425	0.219992	0.046845	E
262	K	0.034037	0.566157	0.320018	0.079789	E
263	E	0.111477	0.275807	0.518361	0.094355	C
264	G	0.115536	0.221511	0.538671	0.124283	C
265	A	0.009854	0.285661	0.551055	0.153430	C
266	P	0.112388	0.286720	0.477064	0.123828	C
267	L	0.005267	0.314970	0.544806	0.134957	C
268	P	0.009786	0.354253	0.548724	0.087237	C
269	F	0.115641	0.371355	0.423100	0.089904	C
270	S	0.030986	0.354752	0.513207	0.101054	C
271	Y	0.187606	0.357702	0.375216	0.079476	C
272	D	0.376056	0.172960	0.398142	0.052842	C
273	I	0.344044	0.262797	0.339503	0.053657	H
274	L	0.292469	0.370323	0.285938	0.051271	E
275	T	0.314015	0.226404	0.414224	0.045357	C
276	T	0.342481	0.168439	0.433584	0.055496	C
277	A	0.286867	0.222508	0.446759	0.043866	C
278	F	0.294460	0.250128	0.403436	0.051975	C
279	N	0.241447	0.226708	0.493110	0.038735	C
280	R	0.282806	0.249394	0.377464	0.090335	C
281	A	0.290685	0.392415	0.282570	0.034329	E
282	F	0.213335	0.373028	0.352642	0.060995	E
283	T	0.195122	0.321300	0.423957	0.059620	C
284	K	0.176532	0.284289	0.450265	0.088914	C
285	Y	0.066354	0.249321	0.588981	0.095344	C
286	P	0.095079	0.221331	0.573383	0.110207	C
287	D	0.226445	0.073877	0.607604	0.092073	C
288	D	0.212805	0.009593	0.677254	0.100348	C
289	I	0.178547	0.063415	0.646842	0.111197	C
290	P	0.336512	0.126655	0.452630	0.084203	C
291	N	0.487279	0.050582	0.396086	0.066054	H
292	Y	0.635506	0.083788	0.260606	0.020100	H
293	F	0.662659	0.073877	0.223192	0.040272	H
294	K	0.555432	0.151158	0.252782	0.040627	H
295	Q	0.488796	0.105828	0.346185	0.059191	H
296	S	0.359420	0.215710	0.368168	0.056702	C
297	F	0.199657	0.179964	0.544119	0.076261	C
298	P	0.186114	0.132030	0.574463	0.107393	C
299	E	0.158301	0.116984	0.578630	0.146085	C
300	G	0.146031	0.225683	0.511954	0.116332	C
301	Y	0.009642	0.298203	0.597543	0.094613	C
302	S	0.085954	0.500115	0.338446	0.075485	E
303	W	0.009356	0.616651	0.295944	0.078049	E
304	E	0.009454	0.749185	0.211310	0.030051	E
305	R	0.008376	0.647388	0.307554	0.036682	E
306	T	0.009699	0.785433	0.160952	0.043916	E
307	M	0.003268	0.712217	0.223641	0.060874	E
308	T	0.009685	0.677270	0.248315	0.064731	E
309	F	0.048635	0.488763	0.361615	0.100988	E
310	E	0.143720	0.352877	0.413558	0.089844	C
311	D	0.133737	0.348752	0.432555	0.084956	C
312	K	0.113279	0.295403	0.512218	0.079100	C
313	G	0.009872	0.497428	0.410597	0.082103	E
314	I	0.009425	0.736858	0.198854	0.054863	E
315	V	0.009420	0.826203	0.144560	0.019816	E
316	K	0.009438	0.787486	0.165376	0.037700	E
317	V	0.009441	0.737907	0.235936	0.016716	E
318	K	0.082688	0.754835	0.137558	0.024918	E
319	S	0.059753	0.621204	0.272519	0.046524	E
320	D	0.032723	0.704764	0.223126	0.039387	E
321	I	0.009730	0.764916	0.187584	0.037770	E
322	S	0.009677	0.824651	0.118151	0.047522	E
323	L	0.008911	0.704388	0.218255	0.068446	E
324	E	0.075076	0.569963	0.289543	0.065419	E
325	E	0.093831	0.411049	0.410585	0.084535	E
326	D	0.009772	0.318399	0.577079	0.094750	C
327	S	0.042339	0.638259	0.247794	0.071607	E
328	F	0.009340	0.647601	0.285071	0.057987	E
329	I	0.008643	0.635968	0.294201	0.061188	E
330	Y	0.009728	0.723238	0.232179	0.034855	E
331	E	0.009642	0.762751	0.210595	0.017013	E
332	I	0.009253	0.754878	0.190388	0.045481	E
333	Y	0.009378	0.839301	0.103376	0.047944	E
334	L	0.008934	0.742174	0.207020	0.041872	E
335	K	0.009565	0.739640	0.211372	0.039423	E
336	G	0.009661	0.638357	0.284425	0.067558	E
337	E	0.029976	0.511579	0.369634	0.088811	E
338	N	0.098134	0.392505	0.437476	0.071885	C
339	F	0.089608	0.205801	0.585733	0.118859	C
340	P	0.168077	0.091771	0.612479	0.127674	C
341	P	0.074700	0.121956	0.689297	0.114047	C
342	N	0.059410	0.181073	0.651223	0.108293	C
343	G	0.152274	0.091308	0.632699	0.123718	C
344	P	0.171764	0.112136	0.596686	0.119414	C
345	V	0.097347	0.236195	0.565708	0.100751	C
346	M	0.092697	0.212181	0.585632	0.109489	C
347	Q	0.155684	0.120381	0.610131	0.113804	C
348	K	0.222730	0.121404	0.560265	0.095601	C
349	K	0.181871	0.214379	0.513245	0.090505	C
350	T	0.159929	0.315762	0.422344	0.101965	C
351	T	0.151559	0.206442	0.528573	0.113426	C
352	G	0.042409	0.246219	0.572027	0.139344	C
353	W	0.070821	0.363692	0.446531	0.118956	C
354	D	0.029510	0.342088	0.514259	0.114143	C
355	A	0.054640	0.266605	0.575891	0.102865	C
356	S	0.137280	0.233081	0.541705	0.087933	C
357	T	0.216772	0.134751	0.560772	0.087704	C
358	E	0.124509	0.445615	0.372925	0.056951	E
359	R	0.044736	0.597771	0.267683	0.089810	E
360	M	0.000927	0.629275	0.300790	0.069008	E
361	Y	0.009581	0.660147	0.265361	0.064911	E
362	V	0.039698	0.555587	0.342237	0.062478	E
363	R	0.089451	0.343824	0.497243	0.069481	C
364	D	0.097110	0.300559	0.522215	0.080116	C
365	G	0.079288	0.282168	0.562285	0.076259	C
366	V	0.009850	0.447798	0.459500	0.082853	C
367	L	0.009370	0.592107	0.347837	0.050686	E
368	K	0.045960	0.644239	0.248874	0.060927	E
369	G	0.214464	0.575914	0.175058	0.034563	E
370	D	0.171645	0.639026	0.149135	0.040195	E
371	V	0.100096	0.633380	0.223200	0.043325	E
372	K	0.256388	0.536036	0.192117	0.015459	E
373	H	0.215689	0.554194	0.213461	0.016656	E
374	K	0.149554	0.600827	0.200632	0.048987	E
375	L	0.180883	0.518724	0.256620	0.043774	E
376	L	0.057599	0.560368	0.311156	0.070876	E
377	L	0.009708	0.477797	0.431474	0.081021	E
378	E	0.109358	0.382672	0.437333	0.070638	C
379	G	0.109875	0.255379	0.522223	0.112523	C
380	G	0.125847	0.193018	0.559608	0.121526	C
381	G	0.009265	0.443496	0.441342	0.105897	E
382	Y	0.009195	0.539543	0.346834	0.104428	E
383	Y	0.008543	0.689130	0.242416	0.059911	E
384	R	0.009172	0.826138	0.128035	0.036656	E
385	V	0.009570	0.749879	0.187373	0.053178	E
386	D	0.009606	0.745904	0.196592	0.047898	E
387	F	0.009754	0.696707	0.254004	0.039535	E
388	K	0.076682	0.549901	0.322630	0.050786	E
389	T	0.015755	0.635212	0.260702	0.088331	E
390	I	0.075668	0.481681	0.358298	0.084354	E
391	Y	0.164484	0.338932	0.422550	0.074035	C
392	R	0.086122	0.330856	0.506583	0.076439	C
393	A	0.112731	0.190531	0.583285	0.113453	C
394	K	0.179540	0.093766	0.625642	0.101052	C
395	K	0.154580	0.115114	0.587682	0.142624	C
396	A	0.052480	0.195754	0.592319	0.159447	C
397	V	0.015151	0.308805	0.530282	0.145763	C
398	K	0.008922	0.251414	0.585289	0.154375	C
399	L	0.002608	0.220676	0.584434	0.192282	C
400	P	0.009231	0.251890	0.549244	0.189635	C
401	D	0.114206	0.206754	0.520615	0.158425	C
402	Y	0.287205	0.146452	0.473970	0.092372	C
403	H	0.121670	0.279559	0.522640	0.076131	C
404	F	0.297772	0.346203	0.311395	0.044630	E
405	V	0.315465	0.424080	0.194347	0.066108	E
406	D	0.145048	0.574648	0.230244	0.050059	E
407	H	0.147348	0.632564	0.195111	0.024978	E
408	R	0.225120	0.545415	0.215705	0.013760	E
409	I	0.007856	0.602827	0.356917	0.032399	E
410	E	0.066398	0.687579	0.183124	0.062899	E
411	I	0.009791	0.643189	0.257724	0.089296	E
412	L	0.015375	0.546950	0.336195	0.101480	E
413	N	0.064312	0.401582	0.435044	0.099062	C
414	Y	0.148029	0.304242	0.443335	0.104394	C
415	D	0.094472	0.229210	0.566768	0.109551	C
416	K	0.182929	0.121377	0.607193	0.088501	C
417	D	0.222120	0.071686	0.626896	0.079299	C
418	Y	0.240407	0.092170	0.583817	0.083606	C
419	N	0.070857	0.260352	0.570675	0.098116	C
420	K	0.119938	0.450308	0.348501	0.081253	E
421	V	0.140388	0.626013	0.204034	0.029565	E
422	T	0.195095	0.660387	0.110463	0.034055	E
423	V	0.183670	0.552419	0.229463	0.034448	E
424	Y	0.383796	0.432628	0.143394	0.040181	E
425	E	0.442422	0.500100	0.029746	0.027733	E
426	S	0.398555	0.361352	0.184655	0.055438	H
427	A	0.472300	0.321563	0.163056	0.043081	H
428	V	0.344698	0.293079	0.302067	0.060157	H
429	A	0.220502	0.404015	0.318190	0.057293	E
430	R	0.268812	0.284541	0.399785	0.046861	C
431	N	0.155646	0.185981	0.594719	0.063653	C
432	S	0.009683	0.268637	0.632909	0.088772	C
433	T	0.039416	0.066263	0.754943	0.139379	C
434	D	0.003330	0.093304	0.812363	0.091003	C
