> rkretsch_486912179
#rid	resname	Helix	Beta	Coil	PPII	ss_kind
1	P	0.051655	0.092770	0.772216	0.083359	C
2	N	0.110347	0.076318	0.717984	0.095350	C
3	F	0.009331	0.331980	0.576190	0.082500	C
4	S	0.009885	0.304735	0.596236	0.089144	C
5	G	0.009535	0.513489	0.396327	0.080649	E
6	N	0.009648	0.574557	0.346529	0.069266	E
7	W	0.057930	0.639402	0.247245	0.055424	E
8	K	0.069368	0.676572	0.217190	0.036870	E
9	I	0.000627	0.617058	0.347529	0.034786	E
10	I	0.009894	0.655157	0.273750	0.061199	E
11	R	0.053192	0.592534	0.325509	0.028765	E
12	S	0.113148	0.450471	0.428504	0.007876	E
13	E	0.293863	0.171390	0.488204	0.046543	C
14	N	0.181305	0.244711	0.543055	0.030930	C
15	F	0.423189	0.159357	0.382105	0.035349	H
16	E	0.721487	0.009789	0.262419	0.006305	H
17	E	0.697280	0.041508	0.224420	0.036792	H
18	L	0.806784	0.036604	0.144501	0.012111	H
19	L	0.791530	0.112312	0.082329	0.013829	H
20	K	0.715655	0.123359	0.117857	0.043129	H
21	V	0.491112	0.186664	0.280687	0.041538	H
22	L	0.414643	0.064760	0.476653	0.043944	C
23	G	0.124312	0.063314	0.751123	0.061251	C
24	V	0.091393	0.080693	0.706117	0.121797	C
25	N	0.318248	0.009765	0.608693	0.063295	C
26	V	0.361208	0.067624	0.498437	0.072732	C
27	M	0.442349	0.132280	0.362107	0.063264	H
28	L	0.468198	0.078240	0.386651	0.066911	H
29	R	0.532374	0.160835	0.264424	0.042368	H
30	K	0.590822	0.169047	0.196371	0.043759	H
31	I	0.505919	0.178630	0.246177	0.069275	H
32	A	0.471476	0.152203	0.340311	0.036010	H
33	V	0.322217	0.234340	0.399156	0.044287	C
34	A	0.241951	0.160520	0.532822	0.064707	C
35	A	0.104936	0.210198	0.606732	0.078134	C
36	A	0.079175	0.233502	0.595185	0.092139	C
37	S	0.064905	0.313493	0.539843	0.081759	C
38	K	0.012107	0.421989	0.488260	0.077644	C
39	P	0.045750	0.472615	0.404438	0.077197	E
40	A	0.019001	0.679020	0.247045	0.054934	E
41	V	0.008858	0.763636	0.183251	0.044255	E
42	E	0.050101	0.910500	0.009344	0.030055	E
43	I	0.009137	0.904584	0.033339	0.052940	E
44	K	0.059525	0.828594	0.050725	0.061156	E
45	Q	0.050926	0.646840	0.223822	0.078412	E
46	E	0.048730	0.507691	0.357591	0.085988	E
47	G	0.153653	0.342268	0.395128	0.108951	C
48	D	0.093891	0.390594	0.442126	0.073389	C
49	T	0.137924	0.598591	0.202216	0.061270	E
50	F	0.100470	0.836790	0.009897	0.052843	E
51	Y	0.009064	0.902109	0.055805	0.033022	E
52	I	0.009498	0.947744	0.018215	0.024544	E
53	K	0.009702	0.958254	0.004663	0.027380	E
54	T	0.009385	0.929082	0.051726	0.009808	E
55	S	0.050172	0.839712	0.090851	0.019265	E
56	T	0.008327	0.524532	0.387420	0.079721	E
57	T	0.195624	0.308331	0.449431	0.046614	C
58	V	0.204013	0.213889	0.487473	0.094625	C
59	R	0.257012	0.302703	0.389144	0.051141	C
60	T	0.122564	0.494708	0.327791	0.054937	E
61	T	0.105654	0.636602	0.194929	0.062815	E
62	E	0.036820	0.798166	0.136111	0.028903	E
63	I	0.006809	0.778226	0.169488	0.045477	E
64	N	0.009728	0.773197	0.174759	0.042316	E
65	F	0.080193	0.628524	0.241434	0.049849	E
66	K	0.120137	0.489336	0.320223	0.070304	E
67	V	0.155363	0.366909	0.408519	0.069209	C
68	G	0.059784	0.275478	0.571397	0.093341	C
69	E	0.072079	0.400697	0.441750	0.085474	C
70	E	0.049786	0.522488	0.324486	0.103241	E
71	F	0.122600	0.533584	0.267662	0.076153	E
72	E	0.027066	0.569950	0.320026	0.082958	E
73	E	0.071320	0.609065	0.258471	0.061145	E
74	Q	0.126273	0.522651	0.307856	0.043220	E
75	T	0.149489	0.415690	0.361703	0.073118	E
76	V	0.007110	0.257448	0.599657	0.135785	C
77	D	0.079961	0.181768	0.623075	0.115196	C
78	G	0.093162	0.200954	0.611298	0.094586	C
79	R	0.162246	0.203789	0.524106	0.109858	C
80	P	0.125197	0.303409	0.480910	0.090484	C
81	C	0.003218	0.431931	0.464387	0.100464	C
82	K	0.009639	0.563691	0.355971	0.070698	E
83	S	0.009355	0.695525	0.226389	0.068731	E
84	L	0.009892	0.791248	0.170391	0.028469	E
85	V	0.013321	0.798313	0.146361	0.042005	E
86	K	0.009569	0.837371	0.120823	0.032237	E
87	W	0.003102	0.817312	0.138904	0.040682	E
88	E	0.106858	0.612951	0.206338	0.073853	E
89	S	0.110551	0.451005	0.359357	0.079087	E
90	E	0.190812	0.249021	0.496889	0.063278	C
91	N	0.105560	0.293280	0.547376	0.053784	C
92	K	0.110735	0.380694	0.421387	0.087184	C
93	M	0.088160	0.564899	0.306391	0.040551	E
94	V	0.009346	0.747261	0.199732	0.043661	E
95	C	0.009405	0.848091	0.097320	0.045184	E
96	E	0.008997	0.826223	0.119446	0.045334	E
97	Q	0.009756	0.769418	0.167577	0.053249	E
98	K	0.009219	0.655935	0.267510	0.067336	E
99	L	0.066497	0.483994	0.365292	0.084217	E
100	L	0.172105	0.352709	0.362393	0.112793	C
101	K	0.087491	0.322298	0.470855	0.119356	C
102	G	0.129509	0.171858	0.558022	0.140612	C
103	E	0.148389	0.141091	0.589387	0.121134	C
104	G	0.116664	0.087608	0.668349	0.127380	C
105	P	0.055917	0.200343	0.634572	0.109168	C
106	K	0.009724	0.439721	0.478492	0.072063	C
107	T	0.003590	0.615464	0.330825	0.050121	E
108	S	0.008946	0.832363	0.137098	0.021593	E
109	W	0.009300	0.869695	0.080273	0.040732	E
110	T	0.009687	0.958990	0.009687	0.021636	E
111	L	0.009686	0.958912	0.007292	0.024110	E
112	E	0.009803	0.970463	0.009803	0.009932	E
113	L	0.009516	0.908135	0.048282	0.034067	E
114	T	0.019168	0.733146	0.236049	0.011637	E
115	N	0.038006	0.436649	0.463420	0.061924	C
116	D	0.093262	0.213470	0.634027	0.059241	C
117	G	0.040904	0.364534	0.537747	0.056814	C
118	E	0.009835	0.559812	0.349917	0.080435	E
119	L	0.012683	0.777160	0.178519	0.031637	E
120	I	0.009684	0.811645	0.145868	0.032804	E
121	D	0.015089	0.955004	0.009613	0.020293	E
122	T	0.026873	0.876614	0.073379	0.023135	E
123	M	0.000975	0.938361	0.024957	0.035707	E
124	T	0.009043	0.735702	0.209529	0.045725	E
125	A	0.047516	0.486979	0.396819	0.068685	E
126	D	0.009861	0.368374	0.519097	0.102668	C
127	D	0.093578	0.341693	0.455934	0.108794	C
128	V	0.118380	0.357772	0.428351	0.095497	C
129	V	0.009571	0.475263	0.421039	0.094127	E
130	C	0.057103	0.525719	0.344502	0.072675	E
131	T	0.091997	0.549699	0.299425	0.058878	E
132	K	0.080981	0.638154	0.202247	0.078619	E
133	V	0.100827	0.590327	0.221364	0.087482	E
134	Y	0.147933	0.534717	0.264704	0.052646	E
135	V	0.122822	0.445694	0.360680	0.070804	E
136	R	0.166232	0.400149	0.363540	0.070080	E
137	E	0.116136	0.423379	0.397161	0.063324	E
138	P	0.062424	0.373532	0.483077	0.080967	C
139	N	0.178551	0.367423	0.391134	0.062892	C
140	F	0.124198	0.426890	0.374061	0.074851	E
141	S	0.090179	0.420828	0.405017	0.083975	E
142	G	0.020200	0.525114	0.373083	0.081603	E
143	N	0.009439	0.604675	0.309290	0.076596	E
144	W	0.048756	0.662540	0.232388	0.056316	E
145	K	0.034025	0.711434	0.215782	0.038758	E
146	I	0.009420	0.606614	0.339250	0.044716	E
147	I	0.019508	0.605361	0.308642	0.066490	E
148	R	0.043506	0.576309	0.347643	0.032543	E
149	S	0.154049	0.379976	0.455170	0.010805	C
150	E	0.273828	0.176867	0.505007	0.044298	C
151	N	0.207182	0.251789	0.508161	0.032868	C
152	F	0.394701	0.204906	0.368922	0.031471	H
153	E	0.727956	0.009884	0.249030	0.013130	H
154	E	0.724453	0.058779	0.181102	0.035666	H
155	L	0.814455	0.046742	0.122318	0.016485	H
156	L	0.786398	0.131477	0.078121	0.004004	H
157	K	0.700183	0.147763	0.120079	0.031974	H
158	V	0.490779	0.208073	0.271622	0.029526	H
159	L	0.393851	0.084569	0.483151	0.038429	C
160	G	0.123002	0.075193	0.754799	0.047005	C
161	V	0.118008	0.082234	0.686681	0.113077	C
162	N	0.334247	0.009740	0.594621	0.061392	C
163	V	0.427892	0.065455	0.443653	0.062999	C
164	M	0.492901	0.128333	0.326751	0.052015	H
165	L	0.553061	0.067128	0.330657	0.049154	H
166	R	0.599011	0.140191	0.227829	0.032969	H
167	K	0.681432	0.111492	0.174462	0.032615	H
168	I	0.584651	0.158929	0.200174	0.056246	H
169	A	0.556351	0.120374	0.299307	0.023969	H
170	V	0.385971	0.207285	0.368906	0.037838	H
171	A	0.287155	0.179540	0.483825	0.049480	C
172	A	0.160143	0.201933	0.569265	0.068659	C
173	A	0.061764	0.247738	0.596444	0.094055	C
174	S	0.003000	0.358991	0.551865	0.086145	C
175	K	0.009592	0.451991	0.470822	0.067596	C
176	P	0.046473	0.486779	0.403098	0.063649	E
177	A	0.009746	0.687057	0.255652	0.047545	E
178	V	0.008899	0.769322	0.175381	0.046398	E
179	E	0.031287	0.932639	0.009468	0.026606	E
180	I	0.009236	0.914344	0.026626	0.049794	E
181	K	0.038154	0.852471	0.046194	0.063181	E
182	Q	0.047781	0.680759	0.194984	0.076477	E
183	E	0.062550	0.509302	0.346364	0.081784	E
184	G	0.161303	0.342361	0.387456	0.108880	C
185	D	0.081879	0.395209	0.451668	0.071243	C
186	T	0.135029	0.592235	0.202147	0.070590	E
187	F	0.047062	0.833183	0.059656	0.060098	E
188	Y	0.008746	0.866489	0.085318	0.039447	E
189	I	0.009555	0.924244	0.042423	0.023778	E
190	K	0.009738	0.928259	0.025866	0.036137	E
191	T	0.009444	0.937724	0.034165	0.018666	E
192	S	0.036983	0.825188	0.113571	0.024258	E
193	T	0.011490	0.522700	0.388617	0.077193	E
194	T	0.167525	0.320486	0.462467	0.049521	C
195	V	0.179574	0.224926	0.497653	0.097848	C
196	R	0.237236	0.324247	0.385223	0.053294	C
197	T	0.108159	0.499995	0.335211	0.056635	E
198	T	0.078154	0.652045	0.200223	0.069578	E
199	E	0.035124	0.804236	0.126482	0.034158	E
200	I	0.024610	0.743450	0.179040	0.052900	E
201	N	0.009839	0.717233	0.221170	0.051757	E
202	F	0.127589	0.551057	0.268317	0.053037	E
203	K	0.120722	0.454187	0.356864	0.068227	E
204	V	0.191698	0.309021	0.435416	0.063865	C
205	G	0.062394	0.280972	0.578597	0.078036	C
206	E	0.009895	0.375010	0.525275	0.089820	C
207	E	0.069882	0.482227	0.338965	0.108926	E
208	F	0.116242	0.507106	0.292466	0.084186	E
209	E	0.020460	0.546879	0.346074	0.086587	E
210	E	0.070746	0.552382	0.307921	0.068950	E
211	Q	0.141745	0.462126	0.344690	0.051439	E
212	T	0.114313	0.388453	0.416314	0.080920	C
213	V	0.027222	0.252056	0.591409	0.129313	C
214	D	0.095824	0.150627	0.634141	0.119408	C
215	G	0.079353	0.172578	0.640054	0.108016	C
216	R	0.138972	0.194152	0.547423	0.119453	C
217	P	0.135020	0.251201	0.508848	0.104931	C
218	C	0.050150	0.334100	0.504212	0.111538	C
219	K	0.032695	0.442382	0.437273	0.087650	E
220	S	0.009614	0.576164	0.336479	0.077743	E
221	L	0.008637	0.645206	0.288453	0.057704	E
222	V	0.036756	0.632838	0.275587	0.054819	E
223	K	0.038885	0.729111	0.189055	0.042948	E
224	W	0.134379	0.626266	0.186887	0.052468	E
225	E	0.207400	0.437855	0.275402	0.079344	E
226	S	0.228236	0.354916	0.341911	0.074936	E
227	E	0.339086	0.246297	0.366287	0.048329	C
228	N	0.273375	0.275392	0.399667	0.051567	C
229	K	0.256893	0.331617	0.349015	0.062475	C
230	M	0.176413	0.481631	0.310148	0.031809	E
231	V	0.027812	0.701381	0.221912	0.048895	E
232	C	0.009647	0.785962	0.158274	0.046117	E
233	E	0.009298	0.800616	0.139421	0.050665	E
234	Q	0.020012	0.741401	0.188696	0.049891	E
235	K	0.009365	0.597687	0.317919	0.075029	E
236	L	0.094705	0.448039	0.369996	0.087259	E
237	L	0.184186	0.323666	0.380009	0.112139	C
238	K	0.080554	0.317156	0.487364	0.114926	C
239	G	0.164437	0.154049	0.545802	0.135712	C
240	E	0.148595	0.147045	0.584909	0.119451	C
241	G	0.134105	0.111929	0.632424	0.121542	C
242	P	0.089410	0.224024	0.582707	0.103858	C
243	K	0.009645	0.477993	0.448181	0.064181	E
244	T	0.015373	0.664055	0.278674	0.041898	E
245	S	0.008926	0.865596	0.102699	0.022779	E
246	W	0.009112	0.880223	0.064580	0.046085	E
247	T	0.009680	0.958306	0.009680	0.022334	E
248	L	0.009668	0.957164	0.009668	0.023500	E
249	E	0.009839	0.974018	0.009839	0.006305	E
250	L	0.009426	0.933163	0.031677	0.025735	E
251	T	0.009626	0.750161	0.234247	0.005966	E
252	N	0.043127	0.453687	0.440722	0.062464	E
253	D	0.069485	0.208937	0.642485	0.079094	C
254	G	0.046128	0.336465	0.548953	0.068454	C
255	E	0.009471	0.594500	0.319245	0.076784	E
256	L	0.039609	0.727627	0.186747	0.046017	E
257	I	0.009123	0.774481	0.165543	0.050853	E
258	D	0.009807	0.970881	0.009807	0.009505	E
259	T	0.009661	0.907187	0.066873	0.016279	E
260	M	0.009750	0.965257	0.002292	0.022701	E
261	T	0.008797	0.741614	0.214353	0.035236	E
262	A	0.009742	0.619838	0.325632	0.044789	E
263	D	0.027277	0.248154	0.619520	0.105048	C
264	D	0.013260	0.376125	0.524757	0.085859	C
265	V	0.085163	0.466483	0.352672	0.095682	E
266	V	0.008981	0.555980	0.355002	0.080037	E
267	C	0.008738	0.802215	0.142182	0.046865	E
268	T	0.009891	0.880852	0.075385	0.033873	E
269	K	0.009383	0.886667	0.068707	0.035243	E
270	V	0.117381	0.779051	0.082883	0.020685	E
271	Y	0.031751	0.589942	0.323502	0.054805	E
272	V	0.104434	0.520315	0.321340	0.053910	E
273	R	0.103864	0.426770	0.387781	0.081585	E
274	E	0.009748	0.308689	0.560938	0.120625	C
