> rkretsch_1355179037
#rid	resname	Helix	Beta	Coil	PPII	ss_kind
1	S	0.058394	0.030351	0.860049	0.051207	C
2	K	0.078274	0.009813	0.795008	0.116904	C
3	G	0.054385	0.152272	0.673883	0.119460	C
4	E	0.247625	0.142098	0.507238	0.103038	C
5	E	0.295533	0.099832	0.501981	0.102654	C
6	L	0.301532	0.104821	0.524933	0.068713	C
7	F	0.185953	0.240077	0.491086	0.082884	C
8	T	0.226981	0.194520	0.489007	0.089492	C
9	G	0.199291	0.214128	0.507616	0.078965	C
10	V	0.125943	0.214092	0.567577	0.092387	C
11	V	0.064644	0.399056	0.457601	0.078699	C
12	P	0.015355	0.573228	0.333397	0.078020	E
13	I	0.009226	0.706567	0.235710	0.048496	E
14	L	0.008921	0.863963	0.084910	0.042206	E
15	V	0.008937	0.804193	0.143965	0.042905	E
16	E	0.009439	0.872587	0.089303	0.028671	E
17	L	0.009195	0.850146	0.109736	0.030923	E
18	D	0.082390	0.735622	0.142984	0.039004	E
19	G	0.009395	0.603371	0.305898	0.081336	E
20	D	0.013773	0.457257	0.442578	0.086392	E
21	V	0.009584	0.451923	0.471815	0.066679	C
22	N	0.088514	0.279293	0.564452	0.067741	C
23	G	0.036570	0.290334	0.577997	0.095099	C
24	H	0.050710	0.420905	0.454215	0.074170	C
25	A	0.003805	0.498493	0.398831	0.098871	E
26	F	0.008616	0.696690	0.252517	0.042178	E
27	S	0.009387	0.878829	0.078260	0.033524	E
28	V	0.009373	0.820434	0.144821	0.025371	E
29	R	0.039543	0.801622	0.125716	0.033119	E
30	G	0.008986	0.600688	0.294619	0.095707	E
31	E	0.009707	0.555554	0.312102	0.122637	E
32	G	0.009668	0.480332	0.411909	0.098091	E
33	E	0.013033	0.465968	0.384404	0.136595	E
34	G	0.161613	0.334218	0.400340	0.103829	C
35	D	0.009674	0.418683	0.450097	0.121546	C
36	A	0.129411	0.253803	0.489304	0.127482	C
37	T	0.051367	0.268346	0.552966	0.127320	C
38	N	0.041246	0.222682	0.610393	0.125678	C
39	G	0.050531	0.403525	0.451753	0.094191	C
40	K	0.009524	0.551122	0.374985	0.064369	E
41	L	0.015514	0.626252	0.318782	0.039452	E
42	T	0.009651	0.603024	0.333294	0.054031	E
43	L	0.009432	0.669410	0.258510	0.062649	E
44	K	0.009167	0.630208	0.310658	0.049967	E
45	F	0.009782	0.740786	0.208999	0.040433	E
46	I	0.067894	0.704376	0.201208	0.026522	E
47	A	0.009654	0.649694	0.297663	0.042988	E
48	T	0.141915	0.459225	0.365650	0.033209	E
49	T	0.104120	0.299225	0.518451	0.078204	C
50	G	0.081729	0.250733	0.574170	0.093368	C
51	K	0.088058	0.262161	0.545429	0.104352	C
52	L	0.038428	0.157870	0.669808	0.133894	C
53	P	0.008893	0.311458	0.575697	0.103951	C
54	V	0.005367	0.386108	0.511800	0.096725	C
55	P	0.071168	0.317443	0.525772	0.085616	C
56	W	0.273764	0.325905	0.341716	0.058616	C
57	P	0.461268	0.099534	0.381761	0.057437	H
58	T	0.349727	0.225335	0.357945	0.066993	C
59	L	0.373261	0.272233	0.323398	0.031109	H
60	V	0.396768	0.231634	0.343872	0.027726	H
61	T	0.528349	0.067030	0.358780	0.045841	H
62	T	0.355514	0.235326	0.386387	0.022773	C
63	L	0.373157	0.273819	0.322531	0.030494	H
64	V	0.248884	0.258403	0.459525	0.033188	C
65	Q	0.393679	0.207120	0.314442	0.084758	H
66	C	0.299489	0.456222	0.208162	0.036127	E
67	F	0.209382	0.460175	0.273020	0.057424	E
68	S	0.168232	0.389700	0.383431	0.058637	E
69	R	0.108849	0.384473	0.411516	0.095162	C
70	Y	0.004048	0.323403	0.569139	0.103410	C
71	P	0.081241	0.273048	0.538833	0.106878	C
72	D	0.150900	0.052755	0.663122	0.133224	C
73	H	0.182090	0.009615	0.685328	0.122967	C
74	M	0.166690	0.120510	0.598189	0.114612	C
75	K	0.185124	0.059069	0.653292	0.102516	C
76	R	0.133522	0.108130	0.650824	0.107524	C
77	H	0.139806	0.180320	0.591271	0.088603	C
78	D	0.202605	0.126758	0.579491	0.091146	C
79	F	0.418787	0.148107	0.391090	0.042016	H
80	F	0.429136	0.180874	0.339906	0.050083	H
81	K	0.418738	0.210884	0.321070	0.049307	H
82	S	0.356046	0.163634	0.419187	0.061133	C
83	A	0.359116	0.215276	0.388318	0.037290	C
84	M	0.141968	0.163560	0.618047	0.076425	C
85	P	0.099190	0.193903	0.589335	0.117572	C
86	E	0.149742	0.106707	0.602054	0.141497	C
87	G	0.196348	0.158852	0.538766	0.106034	C
88	Y	0.041968	0.268799	0.602584	0.086649	C
89	V	0.123004	0.429056	0.371475	0.076465	E
90	Q	0.028410	0.624978	0.251912	0.094700	E
91	E	0.009299	0.720500	0.243327	0.026874	E
92	R	0.009069	0.629799	0.319494	0.041638	E
93	T	0.009720	0.730942	0.222875	0.036463	E
94	I	0.002758	0.659666	0.284439	0.053137	E
95	S	0.034020	0.623325	0.284248	0.058407	E
96	F	0.041026	0.472712	0.396243	0.090019	E
97	K	0.133635	0.328764	0.452295	0.085306	C
98	D	0.106335	0.329091	0.488741	0.075833	C
99	D	0.037652	0.303498	0.572275	0.086576	C
100	G	0.005636	0.472847	0.461932	0.059586	E
101	T	0.009391	0.717697	0.224221	0.048691	E
102	Y	0.009613	0.808588	0.158407	0.023392	E
103	K	0.009503	0.765220	0.193438	0.031839	E
104	T	0.009794	0.725637	0.245299	0.019270	E
105	R	0.091792	0.700522	0.181227	0.026459	E
106	A	0.036937	0.644222	0.289536	0.029305	E
107	E	0.009716	0.691538	0.256995	0.041752	E
108	V	0.009496	0.733810	0.224306	0.032388	E
109	K	0.009638	0.758253	0.194646	0.037463	E
110	F	0.009081	0.648595	0.270464	0.071860	E
111	E	0.034297	0.558902	0.323916	0.082886	E
112	G	0.078180	0.424522	0.412395	0.084904	E
113	D	0.019767	0.349160	0.552871	0.078202	C
114	T	0.053553	0.640136	0.245717	0.060594	E
115	L	0.009581	0.649692	0.279869	0.060859	E
116	V	0.009178	0.653185	0.289801	0.047836	E
117	N	0.009774	0.741134	0.227028	0.022064	E
118	R	0.009675	0.782972	0.202665	0.004688	E
119	I	0.009111	0.798913	0.178896	0.013080	E
120	E	0.009291	0.827709	0.133731	0.029269	E
121	L	0.008876	0.712640	0.234435	0.044048	E
122	K	0.009230	0.714864	0.224828	0.051079	E
123	G	0.063947	0.640717	0.218405	0.076930	E
124	I	0.086673	0.430495	0.391873	0.090959	E
125	D	0.075230	0.367683	0.463113	0.093974	C
126	F	0.142217	0.196504	0.528786	0.132493	C
127	K	0.208911	0.071135	0.587792	0.132162	C
128	E	0.092585	0.136850	0.654556	0.116009	C
129	D	0.118494	0.108574	0.648879	0.124053	C
130	G	0.142139	0.101410	0.642713	0.113739	C
131	N	0.198827	0.081086	0.600819	0.119268	C
132	I	0.072080	0.271962	0.558525	0.097433	C
133	L	0.009656	0.266721	0.638158	0.085464	C
134	G	0.141184	0.182987	0.563074	0.112755	C
135	H	0.134465	0.157250	0.605808	0.102476	C
136	K	0.058649	0.290805	0.553066	0.097480	C
137	L	0.046991	0.258721	0.587121	0.107168	C
138	E	0.071488	0.330627	0.472066	0.125819	C
139	Y	0.049748	0.368243	0.443954	0.138054	C
140	N	0.010324	0.397409	0.476051	0.116217	C
141	F	0.084144	0.337908	0.482055	0.095893	C
142	N	0.012037	0.340885	0.531717	0.115362	C
143	S	0.131743	0.231500	0.542900	0.093858	C
144	H	0.041910	0.311331	0.551581	0.095178	C
145	N	0.070868	0.344022	0.481090	0.104021	C
146	V	0.056830	0.458539	0.385938	0.098693	E
147	Y	0.009579	0.577516	0.313424	0.099481	E
148	I	0.009463	0.529109	0.350796	0.110632	E
149	T	0.052765	0.421866	0.400443	0.124926	E
150	A	0.036105	0.369973	0.473206	0.120716	C
151	D	0.020836	0.331433	0.520624	0.127108	C
152	K	0.115848	0.255679	0.542701	0.085772	C
153	Q	0.027316	0.318666	0.553092	0.100926	C
154	K	0.075251	0.276683	0.559338	0.088727	C
155	N	0.039889	0.405504	0.479770	0.074837	C
156	G	0.020207	0.458805	0.441540	0.079448	E
157	I	0.042515	0.536570	0.347387	0.073528	E
158	K	0.017220	0.608273	0.324731	0.049776	E
159	A	0.224052	0.548162	0.214449	0.013337	E
160	N	0.141632	0.612313	0.193368	0.052688	E
161	F	0.066778	0.595402	0.270622	0.067197	E
162	K	0.300513	0.473413	0.212595	0.013478	E
163	I	0.184188	0.560508	0.223466	0.031837	E
164	R	0.162381	0.606161	0.192856	0.038602	E
165	H	0.122938	0.444704	0.391338	0.041020	E
166	N	0.060270	0.462252	0.396102	0.081377	E
167	V	0.009681	0.419626	0.489866	0.080826	C
168	E	0.037086	0.268646	0.603980	0.090289	C
169	D	0.040680	0.306376	0.567695	0.085249	C
170	G	0.098095	0.248652	0.552078	0.101175	C
171	S	0.009516	0.364970	0.523100	0.102414	C
172	V	0.009683	0.526389	0.390028	0.073900	E
173	Q	0.009032	0.682160	0.246013	0.062795	E
174	L	0.009137	0.780130	0.165181	0.045553	E
175	A	0.009603	0.739426	0.218489	0.032482	E
176	D	0.009699	0.696990	0.264748	0.028564	E
177	H	0.190096	0.424746	0.350529	0.034629	E
178	Y	0.239819	0.450202	0.290975	0.019004	E
179	Q	0.129895	0.421894	0.399534	0.048677	E
180	Q	0.169876	0.478910	0.313701	0.037513	E
181	N	0.087621	0.492107	0.368732	0.051540	E
182	T	0.022182	0.384960	0.495739	0.097119	C
183	P	0.115629	0.251014	0.525031	0.108326	C
184	I	0.210873	0.165485	0.514357	0.109285	C
185	G	0.145768	0.089363	0.622285	0.142584	C
186	D	0.101134	0.132051	0.626699	0.140116	C
187	G	0.116505	0.116515	0.607009	0.159971	C
188	P	0.018468	0.286886	0.534803	0.159843	C
189	V	0.064799	0.298094	0.494806	0.142301	C
190	L	0.009254	0.296466	0.544584	0.149696	C
191	L	0.021793	0.197426	0.595501	0.185279	C
192	P	0.043251	0.273021	0.513754	0.169974	C
193	D	0.103154	0.240046	0.506861	0.149940	C
194	N	0.180275	0.180479	0.542006	0.097240	C
195	H	0.092851	0.223078	0.599741	0.084330	C
196	Y	0.198039	0.328788	0.436321	0.036851	C
197	L	0.129978	0.384946	0.421501	0.063574	C
198	S	0.000744	0.585729	0.375655	0.037872	E
199	T	0.017735	0.704899	0.270542	0.006824	E
200	Q	0.087504	0.651305	0.258192	0.002999	E
201	S	0.008831	0.698217	0.237251	0.055701	E
202	V	0.009723	0.772057	0.157737	0.060483	E
203	L	0.009840	0.676638	0.230930	0.082591	E
204	S	0.021755	0.548742	0.342753	0.086749	E
205	K	0.077103	0.324691	0.492965	0.105240	C
206	D	0.059031	0.224630	0.592655	0.123684	C
207	P	0.062996	0.208430	0.610406	0.118168	C
208	N	0.206461	0.114247	0.583416	0.095876	C
209	E	0.234976	0.125382	0.557398	0.082243	C
210	K	0.215521	0.150079	0.577576	0.056824	C
211	R	0.118120	0.216148	0.564078	0.101654	C
212	D	0.064048	0.331653	0.525963	0.078335	C
213	H	0.102314	0.463343	0.357595	0.076747	E
214	M	0.134807	0.653801	0.197664	0.013727	E
215	V	0.183257	0.650468	0.122483	0.043792	E
216	L	0.209525	0.541049	0.221105	0.028320	E
217	L	0.277234	0.554869	0.157721	0.010177	E
218	E	0.312562	0.554973	0.123032	0.009434	E
219	F	0.351181	0.462003	0.160031	0.026785	E
220	V	0.434198	0.382351	0.140545	0.042906	H
221	T	0.339613	0.436590	0.189643	0.034154	E
222	A	0.291305	0.401777	0.275664	0.031255	E
223	A	0.312091	0.368697	0.283547	0.035664	E
224	G	0.222339	0.274950	0.451097	0.051614	C
225	I	0.183821	0.232940	0.517216	0.066023	C
226	T	0.217507	0.178529	0.550533	0.053430	C
227	H	0.166774	0.174304	0.579904	0.079018	C
228	H	0.227922	0.122649	0.549227	0.100203	C
229	G	0.280510	0.072370	0.540723	0.106397	C
230	E	0.375648	0.085398	0.446607	0.092347	C
231	E	0.390790	0.052385	0.468480	0.088346	C
232	L	0.303698	0.066081	0.554792	0.075430	C
233	F	0.230744	0.161974	0.531591	0.075691	C
234	T	0.233218	0.146278	0.528116	0.092388	C
235	G	0.212944	0.167485	0.538618	0.080953	C
236	V	0.118357	0.231803	0.562099	0.087741	C
237	V	0.065744	0.384246	0.463388	0.086623	C
238	P	0.012472	0.563129	0.334572	0.089828	E
239	I	0.009413	0.707591	0.231657	0.051339	E
240	L	0.009089	0.832807	0.106660	0.051444	E
241	V	0.009175	0.784925	0.157234	0.048666	E
242	E	0.009484	0.859501	0.095946	0.035068	E
243	L	0.009232	0.837820	0.119975	0.032973	E
244	D	0.085913	0.726789	0.146287	0.041012	E
245	G	0.009440	0.600350	0.304545	0.085665	E
246	D	0.020674	0.450823	0.441653	0.086851	E
247	V	0.009635	0.451180	0.467081	0.072104	C
248	N	0.091573	0.279042	0.560241	0.069143	C
249	G	0.050293	0.303690	0.555905	0.090113	C
250	H	0.046648	0.470472	0.417494	0.065386	E
251	A	0.011819	0.486979	0.403024	0.098179	E
252	F	0.009004	0.706420	0.245838	0.038738	E
253	S	0.009561	0.873848	0.086102	0.030489	E
254	V	0.009291	0.808475	0.152644	0.029590	E
255	R	0.031551	0.761423	0.165808	0.041218	E
256	G	0.009018	0.584588	0.305272	0.101122	E
257	E	0.009640	0.550513	0.316788	0.123059	E
258	G	0.009599	0.469340	0.419760	0.101301	E
259	E	0.005422	0.452069	0.404478	0.138030	E
260	G	0.157810	0.320351	0.416747	0.105092	C
261	D	0.009630	0.409164	0.461919	0.119286	C
262	A	0.137608	0.250205	0.488823	0.123364	C
263	T	0.060881	0.268500	0.547538	0.123081	C
264	N	0.064093	0.213738	0.595999	0.126170	C
265	G	0.057050	0.408715	0.441967	0.092267	C
266	K	0.009715	0.541223	0.383763	0.065300	E
267	L	0.026075	0.609526	0.324862	0.039537	E
268	T	0.009694	0.592376	0.343640	0.054290	E
269	L	0.009547	0.656770	0.271765	0.061918	E
270	K	0.009220	0.625528	0.314963	0.050289	E
271	F	0.009885	0.748974	0.205040	0.036101	E
272	I	0.078891	0.710960	0.189695	0.020453	E
273	A	0.009658	0.672407	0.282279	0.035656	E
274	T	0.115585	0.491973	0.361215	0.031227	E
275	T	0.089989	0.313227	0.519368	0.077416	C
276	G	0.058334	0.289027	0.567917	0.084722	C
277	K	0.057476	0.329048	0.515631	0.097844	C
278	L	0.034043	0.198963	0.641535	0.125458	C
279	P	0.009024	0.323211	0.565036	0.102729	C
280	V	0.003967	0.394014	0.508370	0.093649	C
281	P	0.066981	0.324496	0.523329	0.085194	C
282	W	0.261982	0.335109	0.343105	0.059804	C
283	P	0.444197	0.101371	0.392922	0.061510	H
284	T	0.337175	0.239336	0.356851	0.066638	C
285	L	0.363582	0.286251	0.316628	0.033539	H
286	V	0.384864	0.241918	0.343979	0.029239	H
287	T	0.502553	0.093094	0.359638	0.044716	H
288	T	0.355029	0.245023	0.379303	0.020645	C
289	L	0.366451	0.286152	0.313501	0.033896	H
290	V	0.247334	0.279902	0.440908	0.031856	C
291	Q	0.385902	0.231272	0.301781	0.081045	H
292	C	0.298535	0.470485	0.196021	0.034960	E
293	F	0.195726	0.483947	0.263052	0.057275	E
294	S	0.155496	0.422805	0.364038	0.057661	E
295	R	0.096488	0.412789	0.397407	0.093316	E
296	Y	0.009880	0.344139	0.542958	0.103023	C
297	P	0.085967	0.270184	0.534316	0.109533	C
298	D	0.157806	0.055280	0.654435	0.132479	C
299	H	0.185856	0.009627	0.684091	0.120426	C
300	M	0.170891	0.122563	0.595905	0.110641	C
301	K	0.180780	0.058183	0.656318	0.104720	C
302	R	0.127759	0.109042	0.652030	0.111169	C
303	H	0.143579	0.180636	0.587191	0.088594	C
304	D	0.196653	0.137987	0.571711	0.093648	C
305	F	0.419718	0.138940	0.397247	0.044095	H
306	F	0.419503	0.188460	0.341149	0.050887	H
307	K	0.417352	0.217254	0.317041	0.048353	H
308	S	0.354441	0.170166	0.411664	0.063728	C
309	A	0.352118	0.218101	0.388828	0.040953	C
310	M	0.137500	0.170067	0.615985	0.076448	C
311	P	0.095343	0.198302	0.589031	0.117324	C
312	E	0.146539	0.107466	0.604359	0.141636	C
313	G	0.193942	0.158725	0.541493	0.105840	C
314	Y	0.038903	0.264826	0.608968	0.087303	C
315	V	0.114938	0.431640	0.376451	0.076970	E
316	Q	0.027521	0.629527	0.249140	0.093812	E
317	E	0.009259	0.722907	0.241611	0.026222	E
318	R	0.009024	0.630143	0.320650	0.040183	E
319	T	0.009696	0.734504	0.220046	0.035753	E
320	I	0.002028	0.663798	0.279617	0.054557	E
321	S	0.028860	0.632825	0.280393	0.057923	E
322	F	0.036608	0.484498	0.380964	0.097930	E
323	K	0.114832	0.353493	0.442918	0.088758	C
324	D	0.112653	0.349954	0.460515	0.076877	C
325	D	0.055428	0.321051	0.539897	0.083623	C
326	G	0.014975	0.484968	0.441954	0.058103	E
327	T	0.009495	0.731742	0.212007	0.046756	E
328	Y	0.009802	0.813016	0.153638	0.023544	E
329	K	0.009548	0.747692	0.208152	0.034609	E
330	T	0.018209	0.723310	0.241280	0.017201	E
331	R	0.107264	0.678830	0.186843	0.027062	E
332	A	0.047280	0.632968	0.292262	0.027490	E
333	E	0.009720	0.682297	0.264404	0.043579	E
334	V	0.009559	0.739154	0.218925	0.032362	E
335	K	0.009594	0.775095	0.176971	0.038340	E
336	F	0.009036	0.663750	0.250908	0.076306	E
337	E	0.048183	0.584416	0.286124	0.081277	E
338	G	0.067113	0.429235	0.419990	0.083661	E
339	D	0.008828	0.332556	0.567984	0.090632	C
340	T	0.045740	0.604756	0.281367	0.068137	E
341	L	0.009508	0.626751	0.306634	0.057107	E
342	V	0.009209	0.635804	0.301442	0.053544	E
343	N	0.009828	0.709649	0.252687	0.027835	E
344	R	0.009742	0.757392	0.220380	0.012486	E
345	I	0.009171	0.783287	0.189699	0.017843	E
346	E	0.009532	0.831986	0.133249	0.025233	E
347	L	0.008926	0.706629	0.241132	0.043313	E
348	K	0.009348	0.702779	0.237840	0.050033	E
349	G	0.064694	0.626088	0.234129	0.075089	E
350	I	0.097882	0.418706	0.381851	0.101560	E
351	D	0.135875	0.330445	0.468308	0.065371	C
352	F	0.178238	0.147285	0.544475	0.130002	C
353	K	0.273359	0.049264	0.552451	0.124927	C
354	E	0.103858	0.121562	0.662896	0.111684	C
355	D	0.144494	0.105290	0.627147	0.123070	C
356	G	0.130779	0.162578	0.590099	0.116544	C
357	N	0.160286	0.199054	0.517317	0.123343	C
358	I	0.015460	0.344335	0.543003	0.097201	C
359	L	0.009407	0.349101	0.557615	0.083877	C
360	G	0.090216	0.219114	0.586884	0.103786	C
361	H	0.106766	0.177054	0.629618	0.086562	C
362	K	0.052990	0.283599	0.570011	0.093400	C
363	L	0.039821	0.261256	0.589972	0.108952	C
364	E	0.104265	0.341572	0.426866	0.127298	C
365	Y	0.017311	0.381064	0.452599	0.149025	C
366	N	0.025329	0.351766	0.510999	0.111906	C
367	F	0.097956	0.327317	0.485482	0.089244	C
368	N	0.057590	0.308286	0.538024	0.096100	C
369	S	0.148124	0.258186	0.518786	0.074904	C
370	H	0.042321	0.386952	0.498324	0.072404	C
371	N	0.051829	0.413058	0.445560	0.089553	C
372	V	0.006611	0.543507	0.363935	0.085947	E
373	Y	0.009565	0.595309	0.303182	0.091944	E
374	I	0.009723	0.546417	0.341684	0.102176	E
375	T	0.075661	0.362529	0.440493	0.121318	C
376	A	0.028915	0.335148	0.517543	0.118394	C
377	D	0.043165	0.285167	0.554689	0.116978	C
378	K	0.108699	0.259532	0.549095	0.082673	C
379	Q	0.003937	0.291449	0.604456	0.100159	C
380	K	0.081361	0.266878	0.568749	0.083012	C
381	N	0.039506	0.411317	0.468749	0.080428	C
382	G	0.035659	0.451877	0.433280	0.079184	E
383	I	0.027243	0.549524	0.346380	0.076853	E
384	K	0.014191	0.622147	0.316300	0.047362	E
385	A	0.222601	0.554964	0.209951	0.012484	E
386	N	0.125622	0.625881	0.198188	0.050309	E
387	F	0.059330	0.609070	0.264317	0.067283	E
388	K	0.288121	0.500307	0.197114	0.014459	E
389	I	0.176997	0.588700	0.205831	0.028472	E
390	R	0.171352	0.617095	0.178170	0.033382	E
391	H	0.126461	0.461909	0.370960	0.040670	E
392	N	0.059995	0.472652	0.385399	0.081954	E
393	V	0.009682	0.429338	0.479099	0.081881	C
394	E	0.043540	0.259369	0.608012	0.089080	C
395	D	0.039340	0.304384	0.571924	0.084351	C
396	G	0.084351	0.261699	0.551529	0.102421	C
397	S	0.009405	0.378392	0.508813	0.103391	C
398	V	0.009591	0.539095	0.375432	0.075882	E
399	Q	0.008924	0.674399	0.255283	0.061394	E
400	L	0.008849	0.776377	0.169973	0.044801	E
401	A	0.009473	0.746913	0.211929	0.031685	E
402	D	0.009514	0.705378	0.254832	0.030276	E
403	H	0.192431	0.434980	0.337795	0.034794	E
404	Y	0.272534	0.406005	0.298554	0.022907	E
405	Q	0.148175	0.389030	0.409926	0.052869	C
406	Q	0.180371	0.476003	0.302476	0.041150	E
407	N	0.092680	0.482700	0.365996	0.058624	E
408	T	0.031870	0.388665	0.487964	0.091501	C
409	P	0.108544	0.262674	0.517126	0.111657	C
410	I	0.177610	0.180844	0.528539	0.113007	C
411	G	0.161692	0.086295	0.609044	0.142969	C
412	D	0.109026	0.144258	0.610824	0.135892	C
413	G	0.078285	0.148113	0.616569	0.157034	C
414	P	0.005238	0.325945	0.513776	0.155041	C
415	V	0.064380	0.320864	0.482642	0.132114	C
416	L	0.009254	0.335783	0.513701	0.141262	C
417	L	0.029258	0.216051	0.574986	0.179705	C
418	P	0.025777	0.290609	0.519368	0.164246	C
419	D	0.069575	0.255340	0.522951	0.152135	C
420	N	0.194287	0.159318	0.556896	0.089498	C
421	H	0.092193	0.204374	0.617435	0.085998	C
422	Y	0.197139	0.343441	0.419837	0.039583	C
423	L	0.130856	0.398242	0.405941	0.064962	C
424	S	0.000863	0.591521	0.371268	0.036348	E
425	T	0.012363	0.717937	0.258968	0.010731	E
426	Q	0.059202	0.672632	0.267297	0.000869	E
427	S	0.008753	0.693110	0.244437	0.053701	E
428	V	0.009606	0.764784	0.164881	0.060730	E
429	L	0.009851	0.671648	0.240477	0.078023	E
430	S	0.026692	0.523001	0.354550	0.095758	E
431	K	0.048557	0.308204	0.534924	0.108315	C
432	D	0.068872	0.204709	0.601939	0.124480	C
433	P	0.090219	0.197441	0.601336	0.111004	C
434	N	0.209961	0.129245	0.562229	0.098564	C
435	E	0.225995	0.140496	0.551747	0.081762	C
436	K	0.208362	0.153783	0.579777	0.058079	C
437	R	0.087251	0.205085	0.608153	0.099511	C
438	D	0.067738	0.352327	0.505502	0.074433	C
439	H	0.091085	0.489200	0.349124	0.070592	E
440	M	0.125850	0.652722	0.209535	0.011892	E
441	V	0.149190	0.667420	0.142171	0.041219	E
442	L	0.190325	0.544165	0.232634	0.032877	E
443	L	0.246695	0.536503	0.203088	0.013715	E
444	E	0.270213	0.603135	0.110867	0.015785	E
445	F	0.332474	0.471248	0.163236	0.033042	E
446	V	0.418864	0.365298	0.180463	0.035375	H
447	T	0.246025	0.419340	0.293793	0.040842	E
448	A	0.210738	0.385593	0.360761	0.042907	E
449	A	0.209901	0.340511	0.392094	0.057495	C
450	G	0.075093	0.232653	0.605413	0.086841	C
451	I	0.013910	0.181019	0.670432	0.134638	C
452	T	0.009628	0.145819	0.760386	0.084166	C
