> rkretsch_1572692350
#rid	resname	Helix	Beta	Coil	PPII	ss_kind
1	S	0.098779	0.027941	0.822891	0.050388	C
2	K	0.118199	0.008932	0.753816	0.119052	C
3	G	0.103510	0.133148	0.651917	0.111424	C
4	E	0.320833	0.104848	0.487855	0.086464	C
5	E	0.383927	0.063671	0.474466	0.077936	C
6	L	0.385348	0.062575	0.491189	0.060888	C
7	F	0.280872	0.199943	0.454402	0.064784	C
8	T	0.325258	0.162977	0.443845	0.067920	C
9	G	0.293736	0.220104	0.422721	0.063439	C
10	V	0.211183	0.228158	0.485554	0.075104	C
11	V	0.093000	0.434558	0.409019	0.063423	E
12	P	0.149391	0.500409	0.281664	0.068535	E
13	I	0.077838	0.662899	0.212014	0.047250	E
14	L	0.009807	0.864017	0.084212	0.041963	E
15	V	0.025518	0.821248	0.113133	0.040101	E
16	E	0.042805	0.807933	0.125089	0.024173	E
17	L	0.009622	0.828116	0.140637	0.021626	E
18	D	0.155431	0.671960	0.133511	0.039098	E
19	G	0.094878	0.549546	0.281542	0.074034	E
20	D	0.073050	0.492974	0.367558	0.066418	E
21	V	0.005978	0.468439	0.465687	0.059896	E
22	N	0.152131	0.231096	0.559732	0.057041	C
23	G	0.035471	0.182363	0.689695	0.092471	C
24	H	0.089686	0.342732	0.492981	0.074601	C
25	K	0.009574	0.458925	0.444991	0.086510	E
26	F	0.008925	0.700946	0.257612	0.032517	E
27	S	0.009583	0.881346	0.073785	0.035285	E
28	V	0.007189	0.956495	0.009690	0.026625	E
29	S	0.009364	0.832273	0.127559	0.030804	E
30	G	0.008759	0.634620	0.279851	0.076769	E
31	E	0.009476	0.543987	0.352567	0.093969	E
32	G	0.009182	0.438317	0.454495	0.098005	C
33	E	0.009773	0.393774	0.458016	0.138437	C
34	G	0.061224	0.345756	0.489408	0.103612	C
35	D	0.009612	0.399686	0.465140	0.125562	C
36	A	0.087903	0.223019	0.564085	0.124993	C
37	T	0.112305	0.248537	0.519891	0.119267	C
38	Y	0.075737	0.196037	0.613900	0.114326	C
39	G	0.030324	0.376758	0.505041	0.087878	C
40	K	0.029778	0.483117	0.419361	0.067744	E
41	L	0.062231	0.557277	0.349033	0.031459	E
42	T	0.025124	0.622708	0.316064	0.036103	E
43	L	0.032807	0.735791	0.185404	0.045998	E
44	K	0.000153	0.770552	0.204462	0.024833	E
45	F	0.017401	0.816473	0.127264	0.038863	E
46	I	0.055919	0.791850	0.121687	0.030544	E
47	C	0.009605	0.753179	0.199853	0.037363	E
48	T	0.072795	0.576408	0.302468	0.048329	E
49	T	0.171537	0.344527	0.425228	0.058708	C
50	G	0.061879	0.315250	0.520271	0.102601	C
51	K	0.157483	0.212650	0.521391	0.108476	C
52	L	0.009345	0.266822	0.597705	0.126127	C
53	P	0.008935	0.335195	0.532199	0.123671	C
54	V	0.019042	0.407876	0.479013	0.094069	C
55	P	0.199310	0.362085	0.373762	0.064843	C
56	W	0.303725	0.358586	0.281553	0.056136	E
57	P	0.479327	0.175327	0.290537	0.054809	H
58	T	0.490849	0.222203	0.243544	0.043405	H
59	L	0.560107	0.152845	0.262579	0.024469	H
60	V	0.606199	0.161521	0.219593	0.012687	H
61	T	0.741030	0.061437	0.181874	0.015659	H
62	T	0.664318	0.139552	0.186306	0.009824	H
63	L	0.660512	0.199483	0.130168	0.009837	H
64	V	0.485525	0.176940	0.322752	0.014783	H
65	Q	0.684382	0.107124	0.170925	0.037569	H
66	C	0.460538	0.352263	0.162782	0.024417	H
67	F	0.340742	0.305882	0.321472	0.031904	H
68	S	0.316290	0.202700	0.421087	0.059923	C
69	R	0.288892	0.205879	0.433625	0.071604	C
70	Y	0.165004	0.163057	0.609078	0.062862	C
71	P	0.160212	0.231117	0.528097	0.080574	C
72	D	0.241561	0.064060	0.618379	0.076000	C
73	H	0.249185	0.001597	0.647692	0.101525	C
74	M	0.197948	0.181769	0.548855	0.071428	C
75	K	0.313982	0.093705	0.533570	0.058743	C
76	Q	0.350127	0.104873	0.484741	0.060259	C
77	H	0.287897	0.182728	0.473139	0.056236	C
78	D	0.324227	0.102599	0.532470	0.040704	C
79	F	0.449868	0.122649	0.400387	0.027096	H
80	F	0.418664	0.219458	0.341224	0.020655	H
81	K	0.441653	0.165727	0.374057	0.018563	H
82	S	0.404394	0.117155	0.442123	0.036329	C
83	A	0.334366	0.213412	0.418273	0.033948	C
84	M	0.156159	0.127151	0.656078	0.060612	C
85	P	0.162893	0.105973	0.614200	0.116934	C
86	E	0.216398	0.022310	0.630202	0.131090	C
87	G	0.228588	0.051178	0.618590	0.101644	C
88	Y	0.125649	0.212180	0.598984	0.063187	C
89	V	0.165220	0.326227	0.458085	0.050467	C
90	Q	0.160310	0.502394	0.268634	0.068662	E
91	E	0.138239	0.590384	0.236635	0.034742	E
92	R	0.071943	0.582457	0.310177	0.035423	E
93	T	0.139352	0.635113	0.181639	0.043895	E
94	I	0.105422	0.632555	0.231253	0.030770	E
95	F	0.111592	0.645991	0.209874	0.032543	E
96	F	0.168912	0.506676	0.269692	0.054721	E
97	K	0.069512	0.405348	0.453985	0.071155	C
98	D	0.112507	0.278732	0.546518	0.062244	C
99	D	0.089911	0.253527	0.593323	0.063239	C
100	G	0.059567	0.332772	0.533331	0.074329	C
101	N	0.077057	0.554152	0.312522	0.056269	E
102	Y	0.109781	0.643919	0.213063	0.033237	E
103	K	0.093746	0.626419	0.252900	0.026935	E
104	T	0.177455	0.589450	0.223635	0.009460	E
105	R	0.249873	0.482658	0.244306	0.023163	E
106	A	0.171704	0.474873	0.316654	0.036768	E
107	E	0.029986	0.549622	0.373950	0.046442	E
108	V	0.029092	0.655114	0.278221	0.037573	E
109	K	0.031897	0.672179	0.245539	0.050385	E
110	F	0.009605	0.636296	0.273175	0.080924	E
111	E	0.133943	0.482778	0.308558	0.074721	E
112	G	0.082928	0.406451	0.428156	0.082464	C
113	D	0.074186	0.360386	0.495436	0.069992	C
114	T	0.141820	0.581998	0.233822	0.042361	E
115	L	0.015917	0.724256	0.218828	0.040999	E
116	V	0.022351	0.706341	0.245559	0.025749	E
117	N	0.060007	0.713746	0.201666	0.024581	E
118	R	0.094607	0.697870	0.200129	0.007394	E
119	I	0.088509	0.720412	0.181209	0.009869	E
120	E	0.106701	0.757896	0.123102	0.012301	E
121	L	0.009634	0.751500	0.217228	0.021639	E
122	K	0.029087	0.602362	0.323621	0.044929	E
123	G	0.009326	0.523344	0.404927	0.062403	E
124	I	0.018795	0.374211	0.521404	0.085590	C
125	D	0.084209	0.300395	0.536188	0.079208	C
126	F	0.126251	0.170593	0.580540	0.122616	C
127	K	0.157411	0.157893	0.562451	0.122246	C
128	E	0.067521	0.141071	0.676293	0.115116	C
129	D	0.159648	0.078736	0.646516	0.115100	C
130	G	0.204787	0.077565	0.634062	0.083585	C
131	N	0.261763	0.040892	0.582141	0.115205	C
132	I	0.129218	0.272974	0.509308	0.088500	C
133	L	0.106834	0.221413	0.590890	0.080863	C
134	G	0.130006	0.184625	0.579454	0.105915	C
135	H	0.167558	0.207076	0.537472	0.087894	C
136	K	0.143474	0.333821	0.449040	0.073665	C
137	L	0.082135	0.310802	0.516113	0.090951	C
138	E	0.124110	0.260875	0.505631	0.109385	C
139	Y	0.054445	0.334738	0.483915	0.126901	C
140	N	0.141514	0.263775	0.485119	0.109592	C
141	Y	0.122439	0.252283	0.515928	0.109350	C
142	N	0.143607	0.196661	0.543457	0.116275	C
143	S	0.110673	0.200989	0.590840	0.097497	C
144	H	0.091448	0.281504	0.548008	0.079040	C
145	N	0.119025	0.307221	0.474321	0.099433	C
146	V	0.009828	0.504954	0.394433	0.090785	E
147	Y	0.013079	0.589706	0.299157	0.098059	E
148	I	0.017873	0.543229	0.332130	0.106768	E
149	M	0.059848	0.433392	0.397077	0.109683	E
150	A	0.143994	0.235787	0.512450	0.107768	C
151	D	0.075100	0.164760	0.650258	0.109882	C
152	K	0.150983	0.189432	0.565875	0.093710	C
153	Q	0.119869	0.225698	0.566226	0.088207	C
154	K	0.102529	0.202036	0.604452	0.090983	C
155	N	0.084482	0.210805	0.610406	0.094307	C
156	G	0.069007	0.242675	0.593876	0.094442	C
157	I	0.201253	0.282199	0.445688	0.070860	C
158	K	0.241741	0.440781	0.285335	0.032143	E
159	V	0.394488	0.359460	0.238367	0.007684	H
160	N	0.448276	0.284859	0.254175	0.012690	H
161	F	0.410537	0.377619	0.211038	0.000806	H
162	K	0.539009	0.273016	0.178202	0.009773	H
163	I	0.535096	0.284676	0.175588	0.004639	H
164	R	0.460777	0.331223	0.179601	0.028399	H
165	H	0.437867	0.250926	0.292274	0.018933	H
166	N	0.285928	0.307389	0.354680	0.052003	C
167	I	0.169574	0.300524	0.456894	0.073008	C
168	E	0.174247	0.218952	0.538059	0.068742	C
169	D	0.129920	0.197120	0.580380	0.092581	C
170	G	0.135846	0.252019	0.536213	0.075922	C
171	S	0.009537	0.366253	0.540814	0.083396	C
172	V	0.009823	0.439248	0.469310	0.081619	C
173	Q	0.018024	0.498566	0.399429	0.083981	E
174	L	0.082340	0.695185	0.193887	0.028588	E
175	A	0.009791	0.669350	0.292905	0.027955	E
176	D	0.031652	0.667474	0.282610	0.018264	E
177	H	0.227907	0.405660	0.339611	0.026822	E
178	Y	0.257916	0.412417	0.314605	0.015062	E
179	Q	0.165412	0.379451	0.413885	0.041252	C
180	Q	0.264553	0.413131	0.287458	0.034859	E
181	N	0.217982	0.375516	0.353184	0.053319	E
182	T	0.114992	0.387422	0.406079	0.091507	C
183	P	0.212071	0.259569	0.427069	0.101290	C
184	I	0.253424	0.179532	0.474121	0.092922	C
185	G	0.209187	0.115723	0.561935	0.113155	C
186	D	0.111639	0.148951	0.618901	0.120509	C
187	G	0.148295	0.167763	0.554544	0.129399	C
188	P	0.076550	0.274400	0.510264	0.138786	C
189	V	0.031992	0.315010	0.513067	0.139931	C
190	L	0.009488	0.298089	0.537219	0.155204	C
191	L	0.012898	0.186787	0.613066	0.187249	C
192	P	0.007478	0.261682	0.554207	0.176633	C
193	D	0.021298	0.220835	0.594456	0.163411	C
194	N	0.173258	0.147771	0.588575	0.090396	C
195	H	0.129099	0.148616	0.637125	0.085160	C
196	Y	0.240791	0.281667	0.444739	0.032804	C
197	L	0.221025	0.343897	0.395858	0.039220	C
198	S	0.137318	0.474978	0.361737	0.025967	E
199	T	0.124454	0.596646	0.275946	0.002954	E
200	Q	0.230474	0.538692	0.221103	0.009731	E
201	S	0.024112	0.690647	0.252657	0.032584	E
202	A	0.072912	0.706884	0.168737	0.051467	E
203	L	0.080712	0.591471	0.260311	0.067506	E
204	S	0.170477	0.381494	0.383014	0.065014	C
205	K	0.173582	0.208462	0.536724	0.081232	C
206	D	0.102879	0.142253	0.652859	0.102009	C
207	P	0.116339	0.181999	0.602439	0.099223	C
208	N	0.180967	0.119583	0.604344	0.095106	C
209	E	0.235752	0.099663	0.585653	0.078932	C
210	K	0.337273	0.075567	0.518614	0.068546	C
211	R	0.257931	0.127393	0.535624	0.079053	C
212	D	0.248737	0.237073	0.467343	0.046846	C
213	H	0.308968	0.320901	0.324807	0.045323	C
214	M	0.392983	0.426345	0.174302	0.006370	E
215	V	0.331140	0.554087	0.080344	0.034429	E
216	L	0.388137	0.453009	0.149206	0.009648	E
217	L	0.445715	0.467138	0.077273	0.009874	E
218	E	0.388040	0.583029	0.019141	0.009790	E
219	F	0.413820	0.503126	0.069895	0.013159	E
220	V	0.431174	0.454822	0.111289	0.002715	E
221	T	0.325246	0.446294	0.218584	0.009876	E
222	A	0.268406	0.342269	0.371333	0.017992	C
223	A	0.259567	0.343643	0.353400	0.043391	C
224	G	0.147460	0.282610	0.510156	0.059774	C
225	I	0.307603	0.215957	0.416582	0.059858	C
226	T	0.241148	0.199244	0.478944	0.080664	C
227	L	0.275714	0.158634	0.517991	0.047661	C
228	S	0.261605	0.145402	0.530662	0.062330	C
229	K	0.284047	0.220554	0.440674	0.054724	C
230	G	0.322206	0.166802	0.446609	0.064382	C
231	E	0.347479	0.159809	0.429314	0.063399	C
232	E	0.327804	0.134733	0.465294	0.072169	C
233	L	0.342865	0.098090	0.497927	0.061119	C
234	F	0.259308	0.191514	0.478722	0.070456	C
235	T	0.327201	0.164256	0.447981	0.060562	C
236	G	0.316863	0.227570	0.398056	0.057511	C
237	V	0.243152	0.241934	0.452462	0.062452	C
238	V	0.101498	0.428473	0.413319	0.056710	E
239	P	0.148980	0.505086	0.270996	0.074938	E
240	I	0.136737	0.641641	0.180325	0.041298	E
241	L	0.018081	0.857248	0.082019	0.042653	E
242	V	0.048702	0.805618	0.101304	0.044376	E
243	E	0.055875	0.806246	0.112160	0.025719	E
244	L	0.009675	0.835621	0.134138	0.020565	E
245	D	0.156365	0.664308	0.138872	0.040454	E
246	G	0.079181	0.559314	0.283238	0.078267	E
247	D	0.073075	0.492370	0.367493	0.067062	E
248	V	0.005031	0.469030	0.464954	0.060985	E
249	N	0.142553	0.229158	0.570409	0.057880	C
250	G	0.035483	0.201211	0.673650	0.089656	C
251	H	0.085476	0.366239	0.474587	0.073697	C
252	K	0.009527	0.459572	0.445620	0.085281	E
253	F	0.008868	0.692807	0.263333	0.034992	E
254	S	0.009570	0.878399	0.076395	0.035636	E
255	V	0.005957	0.957189	0.009719	0.027135	E
256	S	0.009338	0.830897	0.129111	0.030654	E
257	G	0.008775	0.641686	0.272745	0.076795	E
258	E	0.009475	0.561332	0.337989	0.091204	E
259	G	0.009166	0.449272	0.443833	0.097729	E
260	E	0.009776	0.396484	0.455927	0.137814	C
261	G	0.061275	0.347234	0.489072	0.102419	C
262	D	0.009618	0.399794	0.465392	0.125196	C
263	A	0.089550	0.223577	0.562128	0.124745	C
264	T	0.112441	0.249644	0.518698	0.119216	C
265	Y	0.076995	0.197685	0.611255	0.114065	C
266	G	0.030692	0.378283	0.503847	0.087178	C
267	K	0.029072	0.485219	0.418240	0.067469	E
268	L	0.060065	0.558198	0.351006	0.030731	E
269	T	0.021112	0.627574	0.314465	0.036849	E
270	L	0.033469	0.737826	0.184209	0.044496	E
271	K	0.009887	0.762322	0.204081	0.023710	E
272	F	0.021852	0.818147	0.125091	0.034909	E
273	I	0.056409	0.789377	0.124369	0.029846	E
274	C	0.009605	0.752613	0.200904	0.036878	E
275	T	0.072203	0.575050	0.304737	0.048009	E
276	T	0.172194	0.342840	0.426404	0.058562	C
277	G	0.061623	0.314980	0.520834	0.102563	C
278	K	0.158235	0.211581	0.521453	0.108732	C
279	L	0.009351	0.266344	0.598091	0.126214	C
280	P	0.008936	0.334423	0.532855	0.123786	C
281	V	0.019728	0.407058	0.478687	0.094527	C
282	P	0.200843	0.361146	0.372760	0.065251	C
283	W	0.304898	0.356110	0.281933	0.057059	E
284	P	0.476332	0.178063	0.290710	0.054895	H
285	T	0.480046	0.224434	0.252089	0.043431	H
286	L	0.535287	0.169875	0.269356	0.025483	H
287	V	0.563162	0.185114	0.239029	0.012695	H
288	T	0.680941	0.093062	0.211084	0.014913	H
289	T	0.606589	0.182453	0.201134	0.009823	H
290	L	0.619741	0.238295	0.132092	0.009872	H
291	V	0.445235	0.202563	0.344251	0.007952	H
292	Q	0.617539	0.168919	0.174741	0.038801	H
293	C	0.420572	0.461127	0.099915	0.018385	E
294	F	0.312454	0.363213	0.289581	0.034752	E
295	S	0.286534	0.255997	0.398225	0.059243	C
296	R	0.268369	0.232931	0.427159	0.071541	C
297	Y	0.130806	0.193675	0.609461	0.066058	C
298	P	0.130271	0.241870	0.543037	0.084821	C
299	D	0.210882	0.081554	0.629049	0.078515	C
300	H	0.232535	0.016040	0.647780	0.103645	C
301	M	0.197226	0.194443	0.530906	0.077425	C
302	K	0.297471	0.109793	0.528421	0.064315	C
303	Q	0.338693	0.115446	0.486140	0.059721	C
304	H	0.284443	0.191596	0.469378	0.054584	C
305	D	0.324460	0.108166	0.526552	0.040822	C
306	F	0.442790	0.126984	0.401940	0.028286	H
307	F	0.409944	0.218149	0.350897	0.021010	H
308	K	0.438818	0.160253	0.381823	0.019105	H
309	S	0.399970	0.116493	0.446674	0.036863	C
310	A	0.329263	0.215240	0.421500	0.033998	C
311	M	0.153037	0.127521	0.658127	0.061316	C
312	P	0.161750	0.106159	0.614972	0.117118	C
313	E	0.216178	0.022513	0.630017	0.131292	C
314	G	0.229931	0.048004	0.619876	0.102190	C
315	Y	0.126880	0.207195	0.602107	0.063818	C
316	V	0.157270	0.325704	0.465562	0.051463	C
317	Q	0.165967	0.496817	0.269460	0.067757	E
318	E	0.131875	0.590553	0.240115	0.037457	E
319	R	0.066979	0.584727	0.311960	0.036334	E
320	T	0.133676	0.644331	0.176127	0.045866	E
321	I	0.104275	0.638485	0.225069	0.032171	E
322	F	0.106362	0.648649	0.210354	0.034635	E
323	F	0.160865	0.516196	0.266311	0.056628	E
324	K	0.025797	0.416348	0.477796	0.080059	C
325	D	0.093250	0.276445	0.569637	0.060668	C
326	D	0.071696	0.264743	0.596580	0.066980	C
327	G	0.055190	0.362424	0.505725	0.076660	C
328	N	0.061931	0.567126	0.311892	0.059052	E
329	Y	0.102248	0.649351	0.212839	0.035562	E
330	K	0.084162	0.636579	0.252193	0.027065	E
331	T	0.180543	0.592637	0.217359	0.009461	E
332	R	0.241765	0.487386	0.245316	0.025532	E
333	A	0.174818	0.478634	0.312900	0.033648	E
334	E	0.032025	0.559112	0.364548	0.044315	E
335	V	0.028067	0.663106	0.274394	0.034432	E
336	K	0.031962	0.692180	0.227988	0.047871	E
337	F	0.009642	0.648224	0.263342	0.078792	E
338	E	0.137834	0.488246	0.300631	0.073290	E
339	G	0.089282	0.403942	0.425545	0.081231	C
340	D	0.063659	0.365611	0.499824	0.070906	C
341	T	0.145079	0.579186	0.234883	0.040852	E
342	L	0.011870	0.727585	0.218786	0.041759	E
343	V	0.019906	0.708658	0.245589	0.025847	E
344	N	0.059206	0.718140	0.198318	0.024336	E
345	R	0.091658	0.704017	0.197268	0.007058	E
346	I	0.086565	0.724675	0.178885	0.009876	E
347	E	0.109904	0.758464	0.119567	0.012066	E
348	L	0.009589	0.748711	0.219827	0.021873	E
349	K	0.029819	0.603215	0.321387	0.045579	E
350	G	0.009281	0.527576	0.400339	0.062804	E
351	I	0.017484	0.378702	0.517016	0.086798	C
352	D	0.080890	0.305980	0.532551	0.080580	C
353	F	0.125129	0.173463	0.578459	0.122949	C
354	K	0.159909	0.157836	0.560493	0.121762	C
355	E	0.071351	0.140277	0.673631	0.114741	C
356	D	0.159593	0.083109	0.642487	0.114810	C
357	G	0.204008	0.078857	0.633565	0.083570	C
358	N	0.264739	0.042314	0.578279	0.114668	C
359	I	0.133207	0.270753	0.508592	0.087449	C
360	L	0.113772	0.216074	0.590047	0.080108	C
361	G	0.138447	0.178598	0.578611	0.104344	C
362	H	0.182371	0.205581	0.525394	0.086655	C
363	K	0.162500	0.345616	0.425391	0.066493	C
364	L	0.113121	0.308366	0.493835	0.084678	C
365	E	0.106551	0.291265	0.494040	0.108144	C
366	Y	0.023605	0.392699	0.464213	0.119483	C
367	N	0.107082	0.303698	0.476020	0.113199	C
368	Y	0.137649	0.301576	0.465939	0.094836	C
369	N	0.127002	0.249746	0.526972	0.096280	C
370	S	0.107847	0.256481	0.548167	0.087505	C
371	H	0.107463	0.343769	0.480970	0.067798	C
372	N	0.066753	0.419527	0.413434	0.100287	E
373	V	0.001974	0.556134	0.354006	0.087886	E
374	Y	0.038391	0.579422	0.287684	0.094503	E
375	I	0.046308	0.531936	0.320628	0.101128	E
376	M	0.077889	0.400585	0.412523	0.109003	C
377	A	0.169287	0.239404	0.509577	0.081732	C
378	D	0.116385	0.175121	0.625455	0.083039	C
379	K	0.219307	0.236240	0.472907	0.071547	C
380	Q	0.181849	0.245415	0.505122	0.067613	C
381	K	0.130430	0.214014	0.575222	0.080335	C
382	N	0.123087	0.197717	0.594456	0.084739	C
383	G	0.081783	0.233194	0.595546	0.089477	C
384	I	0.208352	0.292972	0.435578	0.063097	C
385	K	0.250386	0.439193	0.280156	0.030265	E
386	V	0.387334	0.356798	0.248585	0.007283	H
387	N	0.455022	0.270838	0.261643	0.012497	H
388	F	0.386658	0.383295	0.225020	0.005027	H
389	K	0.515411	0.288685	0.186121	0.009783	H
390	I	0.508545	0.305377	0.182058	0.004019	H
391	R	0.428135	0.353586	0.191374	0.026905	H
392	H	0.405766	0.288267	0.285637	0.020331	H
393	N	0.270071	0.338124	0.338156	0.053649	C
394	I	0.154652	0.334893	0.439035	0.071421	C
395	E	0.169661	0.223313	0.539970	0.067056	C
396	D	0.123112	0.193251	0.595482	0.088155	C
397	G	0.132126	0.234934	0.559772	0.073168	C
398	S	0.009421	0.357549	0.549127	0.083902	C
399	V	0.009753	0.435857	0.471808	0.082582	C
400	Q	0.009882	0.496225	0.408026	0.085866	E
401	L	0.051795	0.709947	0.206525	0.031733	E
402	A	0.009455	0.667523	0.296903	0.026119	E
403	D	0.016385	0.679568	0.286670	0.017378	E
404	H	0.203367	0.428067	0.339046	0.029520	E
405	Y	0.223005	0.438548	0.321865	0.016582	E
406	Q	0.132808	0.408713	0.415179	0.043300	C
407	Q	0.233793	0.439895	0.289981	0.036331	E
408	N	0.201553	0.389956	0.356319	0.052172	E
409	T	0.103931	0.396927	0.410862	0.088279	C
410	P	0.215233	0.262108	0.424812	0.097847	C
411	I	0.266230	0.178047	0.466849	0.088874	C
412	G	0.211977	0.132910	0.546665	0.108448	C
413	D	0.105481	0.162509	0.614102	0.117907	C
414	G	0.129330	0.204461	0.538049	0.128161	C
415	P	0.073547	0.293789	0.495158	0.137506	C
416	V	0.037737	0.322854	0.503416	0.135994	C
417	L	0.009582	0.307755	0.529113	0.153550	C
418	L	0.006362	0.202768	0.606795	0.184076	C
419	P	0.004407	0.271723	0.551710	0.172160	C
420	D	0.018565	0.224012	0.594793	0.162630	C
421	N	0.175587	0.145980	0.590907	0.087526	C
422	H	0.131379	0.139423	0.642323	0.086874	C
423	Y	0.238509	0.286449	0.442639	0.032403	C
424	L	0.219880	0.340614	0.399624	0.039882	C
425	S	0.129134	0.470261	0.375759	0.024846	E
426	T	0.106854	0.595199	0.292905	0.005042	E
427	Q	0.227262	0.540586	0.222429	0.009723	E
428	S	0.007451	0.708595	0.254669	0.029286	E
429	A	0.055843	0.711270	0.179277	0.053610	E
430	L	0.085001	0.598709	0.251676	0.064614	E
431	S	0.180526	0.384857	0.370846	0.063771	E
432	K	0.188639	0.215820	0.517401	0.078140	C
433	D	0.108695	0.152851	0.640343	0.098112	C
434	P	0.127962	0.186639	0.590340	0.095059	C
435	N	0.199127	0.118118	0.590664	0.092091	C
436	E	0.246440	0.095323	0.580863	0.077374	C
437	K	0.350126	0.070242	0.512810	0.066822	C
438	R	0.260971	0.121194	0.541163	0.076672	C
439	D	0.240434	0.236041	0.476813	0.046712	C
440	H	0.320313	0.305422	0.331376	0.042889	C
441	M	0.394493	0.424556	0.176420	0.004530	E
442	V	0.318088	0.562876	0.084282	0.034755	E
443	L	0.370168	0.465752	0.152477	0.011603	E
444	L	0.414729	0.484124	0.091266	0.009881	E
445	E	0.338206	0.591895	0.060110	0.009790	E
446	F	0.356393	0.517026	0.110683	0.015898	E
447	V	0.357162	0.455781	0.173721	0.013336	E
448	T	0.286597	0.441532	0.261734	0.010137	E
449	A	0.155449	0.389118	0.414557	0.040876	C
450	A	0.226085	0.331810	0.389463	0.052641	C
451	G	0.069456	0.320367	0.542885	0.067292	C
452	I	0.286168	0.267087	0.384603	0.062142	C
453	T	0.199990	0.286671	0.442611	0.070728	C
454	L	0.231620	0.202056	0.512589	0.053734	C
455	S	0.242005	0.166448	0.517065	0.074481	C
456	K	0.279763	0.172119	0.484895	0.063222	C
457	G	0.289767	0.164123	0.463030	0.083080	C
458	E	0.350869	0.141181	0.439141	0.068809	C
459	E	0.340729	0.085120	0.500861	0.073289	C
460	L	0.336191	0.097227	0.503107	0.063475	C
461	F	0.284349	0.181615	0.462160	0.071876	C
462	T	0.345474	0.155020	0.433039	0.066466	C
463	G	0.331946	0.218122	0.385869	0.064064	C
464	V	0.245968	0.233715	0.448307	0.072009	C
465	V	0.110646	0.419201	0.408059	0.062094	E
466	P	0.155546	0.492463	0.275426	0.076564	E
467	I	0.135275	0.628205	0.194385	0.042134	E
468	L	0.018006	0.848964	0.090923	0.042107	E
469	V	0.046401	0.805775	0.105077	0.042748	E
470	E	0.069070	0.788673	0.117575	0.024683	E
471	L	0.009756	0.831724	0.137486	0.021033	E
472	D	0.167907	0.653826	0.137404	0.040863	E
473	G	0.091786	0.548521	0.278718	0.080975	E
474	D	0.081626	0.482777	0.369492	0.066105	E
475	V	0.017913	0.466492	0.450058	0.065536	E
476	N	0.157576	0.227872	0.554948	0.059604	C
477	G	0.054473	0.191852	0.666635	0.087039	C
478	H	0.084867	0.389866	0.458614	0.066653	C
479	K	0.009803	0.443864	0.459278	0.087055	C
480	F	0.009330	0.698502	0.264501	0.027667	E
481	S	0.009721	0.864081	0.090294	0.035904	E
482	V	0.009705	0.949758	0.009705	0.030832	E
483	S	0.009436	0.795135	0.159532	0.035897	E
484	G	0.008842	0.616965	0.291651	0.082541	E
485	E	0.009463	0.547673	0.349501	0.093364	E
486	G	0.009121	0.432970	0.458542	0.099367	C
487	E	0.009764	0.376915	0.476116	0.137205	C
488	G	0.061954	0.332677	0.501151	0.104219	C
489	D	0.009626	0.392775	0.473079	0.124520	C
490	A	0.103449	0.226165	0.551140	0.119246	C
491	T	0.113997	0.255319	0.513912	0.116772	C
492	Y	0.094347	0.197580	0.593980	0.114093	C
493	G	0.048573	0.374360	0.488398	0.088669	C
494	K	0.040245	0.472875	0.419440	0.067441	E
495	L	0.076341	0.549097	0.343942	0.030620	E
496	T	0.039891	0.597504	0.326207	0.036397	E
497	L	0.067803	0.712877	0.179537	0.039783	E
498	K	0.038973	0.743001	0.193402	0.024624	E
499	F	0.033013	0.804699	0.127505	0.034783	E
500	I	0.091070	0.787203	0.102394	0.019333	E
501	C	0.009651	0.785252	0.178135	0.026961	E
502	T	0.029996	0.622338	0.301600	0.046066	E
503	T	0.134293	0.331111	0.468322	0.066273	C
504	G	0.032276	0.355370	0.529957	0.082397	C
505	K	0.071622	0.354955	0.479005	0.094417	C
506	L	0.009416	0.312252	0.563827	0.114505	C
507	P	0.009326	0.355680	0.513160	0.121835	C
508	V	0.007176	0.419625	0.483868	0.089331	C
509	P	0.172486	0.379100	0.385157	0.063257	C
510	W	0.275634	0.368932	0.298679	0.056754	E
511	P	0.441582	0.191462	0.307361	0.059595	H
512	T	0.456776	0.248302	0.251303	0.043619	H
513	L	0.545313	0.172521	0.256917	0.025248	H
514	V	0.581949	0.174383	0.226296	0.017371	H
515	T	0.709028	0.075227	0.199733	0.016013	H
516	T	0.659387	0.124789	0.206006	0.009818	H
517	L	0.654957	0.196589	0.147034	0.001420	H
518	V	0.533714	0.154350	0.300432	0.011505	H
519	Q	0.726391	0.064436	0.171527	0.037647	H
520	C	0.519178	0.280329	0.176291	0.024202	H
521	F	0.451393	0.224405	0.288878	0.035323	H
522	S	0.433281	0.155586	0.368493	0.042640	H
523	R	0.426243	0.139725	0.380722	0.053310	H
524	Y	0.269808	0.109823	0.564297	0.056072	C
525	P	0.233493	0.194943	0.503794	0.067770	C
526	D	0.331902	0.045097	0.555721	0.067280	C
527	H	0.301970	0.009720	0.603807	0.084503	C
528	M	0.269462	0.152287	0.517093	0.061159	C
529	K	0.347597	0.064526	0.528589	0.059288	C
530	Q	0.332845	0.121054	0.483580	0.062521	C
531	H	0.301958	0.196812	0.456611	0.044619	C
532	D	0.326201	0.127904	0.501510	0.044385	C
533	F	0.429427	0.110863	0.421307	0.038404	H
534	F	0.347689	0.242559	0.380333	0.029418	C
535	K	0.384570	0.193813	0.396755	0.024862	C
536	S	0.356141	0.119944	0.468776	0.055140	C
537	A	0.258161	0.198038	0.491918	0.051883	C
538	M	0.133734	0.104478	0.693719	0.068069	C
539	P	0.141420	0.041218	0.696112	0.121250	C
540	E	0.182906	0.063361	0.622534	0.131198	C
541	G	0.208638	0.066754	0.619143	0.105464	C
542	Y	0.106187	0.231644	0.592682	0.069486	C
543	V	0.103636	0.347734	0.488498	0.060133	C
544	Q	0.141872	0.509096	0.281625	0.067408	E
545	E	0.079029	0.648741	0.240795	0.031436	E
546	R	0.022988	0.682858	0.284714	0.009440	E
547	T	0.079539	0.775214	0.109941	0.035306	E
548	I	0.025198	0.754715	0.184462	0.035626	E
549	F	0.028647	0.767315	0.173330	0.030708	E
550	F	0.105459	0.626776	0.208367	0.059399	E
551	K	0.009463	0.477736	0.434313	0.078487	E
552	D	0.017730	0.341212	0.576498	0.064560	C
553	D	0.126359	0.255697	0.551883	0.066060	C
554	G	0.075380	0.425907	0.439992	0.058721	C
555	N	0.041172	0.646103	0.258241	0.054483	E
556	Y	0.097891	0.666787	0.204092	0.031230	E
557	K	0.051130	0.589951	0.310045	0.048874	E
558	T	0.150695	0.556627	0.256610	0.036068	E
559	R	0.241438	0.465971	0.248728	0.043863	E
560	A	0.277854	0.463161	0.231134	0.027850	E
561	E	0.124637	0.497927	0.339899	0.037537	E
562	V	0.108329	0.566869	0.258838	0.065964	E
563	K	0.135940	0.558355	0.250374	0.055331	E
564	F	0.081813	0.493578	0.344424	0.080185	E
565	E	0.178232	0.351192	0.388885	0.081691	C
566	G	0.185556	0.267246	0.478163	0.069034	C
567	D	0.120892	0.269890	0.558153	0.051065	C
568	T	0.226060	0.441185	0.296289	0.036467	E
569	L	0.149417	0.540613	0.270273	0.039697	E
570	V	0.107911	0.657179	0.214397	0.020513	E
571	N	0.197999	0.619389	0.174472	0.008140	E
572	R	0.132548	0.662149	0.187161	0.018143	E
573	I	0.239149	0.635505	0.110613	0.014733	E
574	E	0.170084	0.737068	0.078849	0.013999	E
575	L	0.092556	0.772502	0.125429	0.009512	E
576	K	0.125355	0.572517	0.278572	0.023556	E
577	G	0.087904	0.495660	0.364432	0.052004	E
578	I	0.081546	0.378749	0.473272	0.066433	C
579	D	0.095312	0.297711	0.543010	0.063967	C
580	F	0.074356	0.270375	0.553948	0.101321	C
581	K	0.141548	0.211804	0.530952	0.115696	C
582	E	0.127156	0.208634	0.567118	0.097092	C
583	D	0.133867	0.131399	0.634299	0.100435	C
584	G	0.202556	0.153563	0.548590	0.095291	C
585	N	0.310934	0.140466	0.466422	0.082178	C
586	I	0.316765	0.293215	0.329917	0.060104	C
587	L	0.341596	0.271917	0.331489	0.054997	H
588	G	0.260318	0.326760	0.338510	0.074413	C
589	H	0.284916	0.250829	0.396994	0.067260	C
590	K	0.343728	0.219860	0.401203	0.035208	C
591	L	0.268504	0.177745	0.497651	0.056100	C
592	E	0.271006	0.156604	0.512542	0.059848	C
593	Y	0.200026	0.228359	0.496072	0.075542	C
594	N	0.161036	0.282855	0.490318	0.065791	C
595	Y	0.134621	0.235247	0.519881	0.110250	C
596	N	0.172165	0.205544	0.529163	0.093128	C
597	S	0.239469	0.179263	0.500728	0.080540	C
598	H	0.162061	0.247215	0.503374	0.087350	C
599	N	0.215159	0.253501	0.458281	0.073060	C
600	V	0.168956	0.293444	0.454070	0.083529	C
601	Y	0.250295	0.350064	0.325270	0.074371	E
602	I	0.206008	0.282575	0.449962	0.061454	C
603	M	0.241363	0.183037	0.509850	0.065750	C
604	A	0.310057	0.121317	0.521508	0.047118	C
605	D	0.327984	0.073114	0.548975	0.049927	C
606	K	0.386556	0.066877	0.502114	0.044453	C
607	Q	0.468356	0.024938	0.451925	0.054781	H
608	K	0.344367	0.108479	0.493691	0.053464	C
609	N	0.379042	0.070284	0.487399	0.063275	C
610	G	0.387562	0.078315	0.467108	0.067015	C
611	I	0.451211	0.132008	0.370824	0.045957	H
612	K	0.533496	0.195427	0.256167	0.014910	H
613	V	0.579921	0.217024	0.197085	0.005970	H
614	N	0.681890	0.137743	0.169695	0.010671	H
615	F	0.605937	0.210619	0.173562	0.009881	H
616	K	0.702181	0.098251	0.189768	0.009801	H
617	I	0.738933	0.126382	0.124824	0.009861	H
618	R	0.676651	0.120293	0.193485	0.009572	H
619	H	0.590332	0.164910	0.238635	0.006123	H
620	N	0.681700	0.035799	0.259574	0.022927	H
621	I	0.544542	0.062696	0.342697	0.050065	H
622	E	0.443856	0.054643	0.449949	0.051552	C
623	D	0.377776	0.009899	0.552644	0.059681	C
624	G	0.338261	0.078682	0.524370	0.058687	C
625	S	0.357787	0.118637	0.486405	0.037171	C
626	V	0.339745	0.193972	0.406396	0.059887	C
627	Q	0.446538	0.260573	0.277430	0.015459	H
628	L	0.470800	0.324848	0.196070	0.008283	H
629	A	0.441276	0.310604	0.232523	0.015597	H
630	D	0.381591	0.334089	0.241916	0.042404	H
631	H	0.439920	0.196148	0.328098	0.035834	H
632	Y	0.373349	0.173136	0.422962	0.030552	C
633	Q	0.390761	0.085340	0.501109	0.022790	C
634	Q	0.453412	0.077935	0.448033	0.020620	H
635	N	0.456948	0.068940	0.443737	0.030375	H
636	T	0.491576	0.122381	0.329402	0.056641	H
637	P	0.601681	0.037333	0.319514	0.041472	H
638	I	0.656418	0.020496	0.285203	0.037883	H
639	G	0.573907	0.106805	0.285170	0.034117	H
640	D	0.569434	0.055387	0.330251	0.044928	H
641	G	0.499377	0.130665	0.329683	0.040274	H
642	P	0.461445	0.237775	0.264360	0.036420	H
643	V	0.414192	0.253826	0.275304	0.056678	H
644	L	0.298515	0.270313	0.363896	0.067276	C
645	L	0.296037	0.253873	0.399580	0.050510	C
646	P	0.351195	0.189107	0.384838	0.074860	C
647	D	0.285358	0.179319	0.453675	0.081649	C
648	N	0.251761	0.201840	0.468472	0.077927	C
649	H	0.229866	0.182491	0.512946	0.074696	C
650	Y	0.266970	0.192133	0.473147	0.067750	C
651	L	0.269733	0.173051	0.489421	0.067795	C
652	S	0.329407	0.121276	0.485187	0.064130	C
653	T	0.320354	0.143132	0.483691	0.052823	C
654	Q	0.362633	0.107690	0.470436	0.059241	C
655	S	0.385032	0.106855	0.457734	0.050379	C
656	A	0.412890	0.077083	0.459462	0.050564	C
657	L	0.397032	0.108956	0.447146	0.046867	C
658	S	0.385934	0.087916	0.467831	0.058318	C
659	K	0.339231	0.074176	0.523518	0.063076	C
660	D	0.317787	0.128249	0.483188	0.070776	C
661	P	0.335360	0.081094	0.523620	0.059926	C
662	N	0.342746	0.070935	0.515757	0.070562	C
663	E	0.318438	0.082137	0.516120	0.083304	C
664	K	0.375196	0.069395	0.472286	0.083124	C
665	R	0.434568	0.051591	0.440589	0.073251	C
666	D	0.494988	0.027556	0.415526	0.061929	H
667	H	0.493380	0.103661	0.362201	0.040758	H
668	M	0.454313	0.140720	0.373843	0.031124	H
669	V	0.482626	0.119381	0.378851	0.019142	H
670	L	0.523634	0.103281	0.363249	0.009836	H
671	L	0.524477	0.172214	0.293543	0.009767	H
672	E	0.621320	0.131071	0.237717	0.009891	H
673	F	0.679422	0.125299	0.185479	0.009799	H
674	V	0.691548	0.112156	0.193535	0.002762	H
675	T	0.655054	0.119294	0.222913	0.002739	H
676	A	0.680371	0.077717	0.232047	0.009865	H
677	A	0.631276	0.057243	0.292391	0.019091	H
678	G	0.589367	0.054281	0.337972	0.018380	H
679	I	0.482156	0.070692	0.412385	0.034767	H
680	T	0.456194	0.059209	0.458471	0.026126	C
681	L	0.375526	0.108758	0.493223	0.022493	C
682	H	0.318282	0.091780	0.548240	0.041698	C
683	H	0.317507	0.084034	0.541088	0.057371	C
684	T	0.235779	0.079006	0.602661	0.082554	C
685	D	0.301357	0.133803	0.483335	0.081505	C
686	P	0.541064	0.059889	0.368636	0.030411	H
687	E	0.776538	0.042424	0.162047	0.018991	H
688	K	0.796366	0.009250	0.160100	0.034284	H
689	V	0.902339	0.002144	0.085749	0.009768	H
690	E	0.970588	0.009804	0.009804	0.009804	H
691	M	0.928211	0.045552	0.018274	0.007964	H
692	Y	0.957905	0.009676	0.009676	0.022744	H
693	I	0.815487	0.098793	0.037148	0.048573	H
694	K	0.887556	0.009516	0.090327	0.012601	H
695	N	0.772787	0.009592	0.216846	0.000775	H
696	L	0.535846	0.009523	0.445107	0.009523	H
697	Q	0.267811	0.104962	0.599962	0.027265	C
698	D	0.176182	0.089233	0.667932	0.066653	C
699	D	0.216615	0.164438	0.592241	0.026706	C
700	S	0.394296	0.065491	0.526748	0.013465	C
701	M	0.605360	0.006350	0.378521	0.009769	H
702	R	0.802618	0.009517	0.182328	0.005537	H
703	V	0.857528	0.067041	0.065646	0.009784	H
704	R	0.969060	0.009788	0.004492	0.016660	H
705	Y	0.941244	0.041658	0.007329	0.009769	H
706	N	0.970588	0.009804	0.009804	0.009804	H
707	A	0.948518	0.009581	0.033962	0.007939	H
708	A	0.910525	0.066976	0.012615	0.009884	H
709	T	0.914744	0.009660	0.065936	0.009660	H
710	A	0.804888	0.030684	0.154583	0.009845	H
711	L	0.820528	0.009826	0.160685	0.008962	H
712	G	0.573240	0.009526	0.396625	0.020609	H
713	K	0.298006	0.029567	0.632409	0.040019	C
714	I	0.339559	0.057973	0.558941	0.043527	C
715	G	0.084250	0.098074	0.767290	0.050386	C
716	D	0.223654	0.091091	0.628913	0.056342	C
717	E	0.523154	0.117643	0.331258	0.027944	H
718	R	0.723908	0.028214	0.243806	0.004072	H
719	A	0.896861	0.009787	0.084503	0.008849	H
720	V	0.909379	0.043104	0.039083	0.008433	H
721	E	0.970588	0.009804	0.009804	0.009804	H
722	P	0.871787	0.059236	0.059237	0.009739	H
723	L	0.962305	0.009720	0.007400	0.020575	H
724	I	0.886350	0.057876	0.031660	0.024114	H
725	K	0.890742	0.009238	0.090782	0.009238	H
726	A	0.759502	0.101397	0.129246	0.009856	H
727	L	0.700668	0.009262	0.280808	0.009262	H
728	K	0.474596	0.088356	0.427218	0.009830	H
729	D	0.301290	0.021488	0.650251	0.026972	C
730	E	0.211091	0.136348	0.628967	0.023594	C
731	D	0.392877	0.085681	0.520463	0.000979	C
732	G	0.576746	0.009530	0.404193	0.009530	H
733	Y	0.782301	0.009200	0.199300	0.009200	H
734	V	0.860668	0.107428	0.022124	0.009779	H
735	R	0.930773	0.050423	0.009402	0.009402	H
736	L	0.947580	0.022511	0.020122	0.009787	H
737	E	0.970588	0.009804	0.009804	0.009804	H
738	A	0.930810	0.009402	0.050385	0.009402	H
739	A	0.935892	0.009650	0.044807	0.009650	H
740	E	0.970588	0.009804	0.009804	0.009804	H
741	A	0.959241	0.009689	0.021380	0.009689	H
742	L	0.786135	0.066841	0.128688	0.018336	H
743	G	0.720497	0.009866	0.235319	0.034319	H
744	E	0.523480	0.037542	0.400011	0.038968	H
745	I	0.466725	0.015607	0.508097	0.009571	C
746	G	0.209147	0.081444	0.685840	0.023569	C
747	D	0.331758	0.031621	0.591143	0.045478	C
748	E	0.558890	0.044097	0.362239	0.034775	H
749	R	0.656659	0.032295	0.287166	0.023880	H
750	A	0.853585	0.009136	0.130254	0.007026	H
751	V	0.749530	0.009450	0.210646	0.030374	H
752	E	0.969649	0.009794	0.009794	0.010762	H
753	P	0.976540	0.000987	0.009864	0.012608	H
754	L	0.970588	0.009804	0.009804	0.009804	H
755	I	0.831108	0.086082	0.045663	0.037147	H
756	K	0.976617	0.009865	0.003653	0.009865	H
757	A	0.850467	0.064954	0.083419	0.001161	H
758	L	0.740622	0.020159	0.229622	0.009598	H
759	K	0.417269	0.160979	0.411998	0.009754	H
760	D	0.190513	0.137538	0.665227	0.006722	C
761	E	0.169403	0.139167	0.664794	0.026636	C
762	D	0.316937	0.063232	0.608398	0.011433	C
763	P	0.524548	0.009575	0.454928	0.010950	H
764	D	0.739013	0.095513	0.155671	0.009803	H
765	V	0.770738	0.161407	0.058089	0.009766	H
766	R	0.870699	0.047125	0.072281	0.009895	H
767	S	0.959272	0.005419	0.025510	0.009799	H
768	E	0.959023	0.021602	0.009687	0.009687	H
769	A	0.970588	0.009804	0.009804	0.009804	H
770	A	0.864924	0.034130	0.091114	0.009833	H
771	L	0.970588	0.009804	0.009804	0.009804	H
772	A	0.837925	0.009455	0.145780	0.006840	H
773	L	0.842959	0.009236	0.147390	0.000415	H
774	G	0.621463	0.009835	0.331430	0.037271	H
775	K	0.508389	0.009867	0.448537	0.033208	H
776	I	0.486098	0.012024	0.479341	0.022537	H
777	G	0.212986	0.053277	0.702993	0.030744	C
778	D	0.326835	0.009776	0.628415	0.034974	C
779	E	0.528852	0.072376	0.384104	0.014668	H
780	R	0.640823	0.068738	0.280588	0.009851	H
781	A	0.832636	0.009430	0.148504	0.009430	H
782	V	0.778382	0.009843	0.206316	0.005459	H
783	E	0.932200	0.009361	0.044099	0.014340	H
784	P	0.892548	0.078085	0.009850	0.019517	H
785	L	0.982690	0.002406	0.009926	0.004978	H
786	I	0.818852	0.093307	0.066550	0.021291	H
787	K	0.949390	0.009590	0.031431	0.009590	H
788	A	0.866136	0.009756	0.117348	0.006760	H
789	L	0.603230	0.063777	0.323199	0.009795	H
790	K	0.290710	0.195193	0.496241	0.017857	C
791	D	0.126993	0.169484	0.665343	0.038179	C
792	E	0.189927	0.236013	0.536817	0.037243	C
793	D	0.412279	0.100848	0.474030	0.012843	C
794	R	0.482324	0.122000	0.378729	0.016947	H
795	Y	0.746155	0.058169	0.178530	0.017146	H
796	V	0.787446	0.194026	0.009264	0.009264	H
797	R	0.939631	0.032393	0.018136	0.009840	H
798	M	0.830175	0.141300	0.018654	0.009872	H
799	A	0.889034	0.093005	0.008980	0.008980	H
800	A	0.871970	0.050858	0.067467	0.009706	H
801	A	0.820029	0.038669	0.130502	0.010800	H
802	W	0.940874	0.010608	0.031077	0.017442	H
803	A	0.906203	0.009091	0.075615	0.009091	H
804	L	0.824741	0.009748	0.148698	0.016813	H
805	G	0.617339	0.130591	0.239450	0.012621	H
806	K	0.568533	0.116779	0.308494	0.006194	H
807	I	0.526153	0.124089	0.344198	0.005560	H
808	G	0.345470	0.126319	0.506992	0.021219	C
809	G	0.315131	0.065396	0.563635	0.055838	C
810	E	0.473863	0.063057	0.429108	0.033972	H
811	R	0.601858	0.046881	0.340704	0.010557	H
812	V	0.688967	0.035843	0.264772	0.010418	H
813	R	0.800531	0.009303	0.180863	0.009303	H
814	A	0.858074	0.020829	0.111283	0.009814	H
815	A	0.975278	0.013315	0.009778	0.001630	H
816	M	0.950358	0.009697	0.030249	0.009697	H
817	E	0.945401	0.034763	0.011291	0.008545	H
818	K	0.877513	0.009673	0.101063	0.011750	H
819	L	0.823135	0.001491	0.156154	0.019220	H
820	A	0.607156	0.009667	0.355085	0.028092	H
821	E	0.355254	0.045963	0.543669	0.055114	C
822	T	0.169691	0.071722	0.684441	0.074146	C
823	G	0.091147	0.087434	0.738433	0.082987	C
824	T	0.151170	0.009809	0.745868	0.093152	C
825	G	0.230306	0.033143	0.660970	0.075581	C
826	F	0.344599	0.022958	0.561176	0.071267	C
827	A	0.457098	0.150328	0.358425	0.034149	H
828	R	0.596895	0.178731	0.197480	0.026894	H
829	K	0.649733	0.216718	0.116375	0.017174	H
830	V	0.728270	0.155414	0.094767	0.021549	H
831	A	0.761454	0.089110	0.112261	0.037175	H
832	V	0.737949	0.097279	0.148535	0.016236	H
833	N	0.800082	0.009507	0.161719	0.028692	H
834	Y	0.702832	0.005898	0.262198	0.029073	H
835	L	0.731796	0.009388	0.226463	0.032353	H
836	E	0.635597	0.009874	0.317266	0.037263	H
837	T	0.609196	0.009374	0.351011	0.030419	H
838	H	0.536918	0.009652	0.406675	0.046755	H
839	K	0.389436	0.031783	0.522531	0.056250	C
840	H	0.295194	0.058476	0.575960	0.070371	C
841	H	0.261858	0.033942	0.612145	0.092055	C
842	T	0.166569	0.056025	0.666582	0.110824	C
843	D	0.195960	0.088976	0.600882	0.114182	C
844	P	0.466889	0.037111	0.416848	0.079152	H
845	E	0.668444	0.033707	0.249894	0.047954	H
846	K	0.801924	0.009855	0.160508	0.027713	H
847	V	0.905039	0.028651	0.060729	0.005582	H
848	E	0.955137	0.025567	0.009648	0.009648	H
849	M	0.949999	0.036866	0.005048	0.008087	H
850	Y	0.970565	0.009804	0.009804	0.009827	H
851	I	0.883597	0.081291	0.009649	0.025463	H
852	K	0.901106	0.009699	0.082473	0.006722	H
853	N	0.796965	0.009440	0.189556	0.004040	H
854	L	0.617834	0.009451	0.367362	0.005353	H
855	Q	0.297556	0.042684	0.636412	0.023348	C
856	D	0.117541	0.048222	0.759354	0.074884	C
857	D	0.249610	0.098535	0.627601	0.024254	C
858	S	0.396694	0.009745	0.548919	0.044642	C
859	M	0.555674	0.009399	0.416767	0.018160	H
860	R	0.715799	0.009609	0.231158	0.043434	H
861	V	0.874583	0.031381	0.084300	0.009735	H
862	R	0.933010	0.009504	0.037258	0.020228	H
863	Y	0.913711	0.067808	0.009240	0.009240	H
864	N	0.970588	0.009804	0.009804	0.009804	H
865	A	0.970588	0.009804	0.009804	0.009804	H
866	A	0.850988	0.135364	0.009215	0.004433	H
867	T	0.948601	0.032236	0.009582	0.009582	H
868	A	0.921141	0.009304	0.060250	0.009304	H
869	L	0.909906	0.011355	0.068920	0.009820	H
870	G	0.665075	0.010022	0.301009	0.023894	H
871	K	0.441670	0.101057	0.431212	0.026061	H
872	I	0.408848	0.020566	0.537259	0.033328	C
873	G	0.141850	0.124891	0.690033	0.043225	C
874	D	0.236317	0.108184	0.611889	0.043610	C
875	E	0.508076	0.100061	0.355394	0.036470	H
876	R	0.758124	0.070269	0.150535	0.021072	H
877	A	0.911123	0.009543	0.067819	0.011515	H
878	V	0.859050	0.059003	0.051824	0.030123	H
879	E	0.974309	0.009842	0.009842	0.006008	H
880	P	0.859805	0.015530	0.114778	0.009887	H
881	L	0.961789	0.009715	0.009715	0.018781	H
882	I	0.859921	0.039500	0.061126	0.039453	H
883	K	0.915081	0.009364	0.071754	0.003801	H
884	A	0.786676	0.079733	0.105068	0.028524	H
885	L	0.664154	0.024276	0.301888	0.009682	H
886	K	0.327927	0.253977	0.408489	0.009607	C
887	D	0.200237	0.178752	0.611142	0.009869	C
888	E	0.165908	0.181429	0.606935	0.045728	C
889	D	0.306685	0.150107	0.540903	0.002306	C
890	G	0.505210	0.047550	0.429907	0.017332	H
891	Y	0.771994	0.009364	0.199725	0.018917	H
892	V	0.858303	0.122479	0.009609	0.009609	H
893	R	0.884788	0.065555	0.039959	0.009697	H
894	L	0.980249	0.009902	0.006919	0.002930	H
895	E	0.948859	0.009584	0.031972	0.009584	H
896	A	0.978329	0.009882	0.001907	0.009882	H
897	A	0.896218	0.085610	0.009086	0.009086	H
898	E	0.970555	0.009838	0.009804	0.009804	H
899	A	0.929192	0.009386	0.052036	0.009386	H
900	L	0.862686	0.065918	0.061694	0.009701	H
901	G	0.714883	0.017607	0.259525	0.007986	H
902	E	0.563364	0.088616	0.340176	0.007844	H
903	I	0.470065	0.045640	0.474850	0.009445	C
904	G	0.197114	0.093464	0.675215	0.034207	C
905	D	0.217461	0.094071	0.646169	0.042299	C
906	E	0.386821	0.155618	0.402263	0.055298	C
907	R	0.532945	0.116526	0.343335	0.007193	H
908	A	0.682401	0.048686	0.239609	0.029305	H
909	V	0.786956	0.053965	0.145224	0.013855	H
910	E	0.961070	0.009708	0.019515	0.009708	H
