> rkretsch_744832831
#rid	resname	Helix	Beta	Coil	PPII	ss_kind
1	I	0.069554	0.120265	0.742446	0.067734	C
2	I	0.027288	0.184353	0.676781	0.111578	C
3	K	0.153056	0.179180	0.559904	0.107860	C
4	E	0.160382	0.206992	0.535803	0.096823	C
5	F	0.161612	0.163521	0.570234	0.104633	C
6	M	0.036473	0.362346	0.498150	0.103031	C
7	R	0.007980	0.578967	0.329215	0.083838	E
8	F	0.009852	0.719219	0.208445	0.062485	E
9	K	0.009220	0.893475	0.060116	0.037189	E
10	V	0.008964	0.822611	0.123466	0.044959	E
11	H	0.009475	0.938007	0.031828	0.020690	E
12	M	0.009215	0.822798	0.143959	0.024028	E
13	E	0.106201	0.705434	0.147914	0.040452	E
14	G	0.009416	0.616539	0.287873	0.086172	E
15	S	0.056079	0.437805	0.420752	0.085365	E
16	V	0.009556	0.446846	0.476845	0.066752	C
17	N	0.070809	0.296925	0.566240	0.066026	C
18	G	0.031748	0.281995	0.590399	0.095858	C
19	H	0.029854	0.438650	0.452513	0.078983	C
20	E	0.026056	0.505984	0.364950	0.103010	E
21	F	0.008333	0.707963	0.245501	0.038204	E
22	E	0.009539	0.922337	0.036737	0.031387	E
23	I	0.009236	0.882047	0.073702	0.035016	E
24	E	0.012819	0.884087	0.063570	0.039525	E
25	G	0.008800	0.662226	0.236925	0.092049	E
26	E	0.009741	0.604804	0.269745	0.115711	E
27	G	0.009642	0.518400	0.385517	0.086441	E
28	E	0.016595	0.477059	0.373033	0.133313	E
29	G	0.125100	0.345297	0.419587	0.110015	C
30	R	0.009683	0.410391	0.453000	0.126926	C
31	P	0.083495	0.263000	0.521588	0.131917	C
32	Y	0.032443	0.283991	0.535085	0.148481	C
33	E	0.021724	0.237984	0.611276	0.129017	C
34	G	0.175119	0.309588	0.416925	0.098368	C
35	T	0.025922	0.523601	0.378401	0.072076	E
36	Q	0.153413	0.565727	0.247298	0.033562	E
37	T	0.082006	0.634633	0.231494	0.051867	E
38	A	0.059506	0.685634	0.202214	0.052646	E
39	K	0.001528	0.698168	0.246425	0.053878	E
40	L	0.009114	0.756211	0.194831	0.039845	E
41	K	0.021108	0.845816	0.099695	0.033381	E
42	V	0.021761	0.718853	0.211596	0.047791	E
43	T	0.014918	0.574986	0.329584	0.080512	E
44	K	0.093822	0.296256	0.524403	0.085519	C
45	G	0.097655	0.233605	0.534356	0.134384	C
46	G	0.009730	0.302731	0.537153	0.150386	C
47	P	0.158492	0.269065	0.452970	0.119472	C
48	L	0.009647	0.335294	0.528420	0.126640	C
49	P	0.009674	0.351924	0.555393	0.083009	C
50	F	0.156473	0.360202	0.394772	0.088554	C
51	A	0.036786	0.396693	0.468777	0.097744	C
52	W	0.198542	0.402232	0.321832	0.077393	E
53	D	0.386224	0.222880	0.344681	0.046215	H
54	I	0.300100	0.316736	0.333366	0.049798	C
55	L	0.266036	0.427320	0.251212	0.055432	E
56	S	0.263549	0.280427	0.418293	0.037730	C
57	F	0.296195	0.216467	0.427500	0.059838	C
58	Q	0.195278	0.283532	0.471701	0.049490	C
59	F	0.250774	0.314558	0.393539	0.041129	C
60	S	0.155469	0.290618	0.506270	0.047643	C
61	K	0.195577	0.315743	0.395097	0.093583	C
62	A	0.217429	0.440422	0.298248	0.043901	E
63	Y	0.228860	0.340502	0.364858	0.065780	C
64	V	0.119210	0.352966	0.458670	0.069154	C
65	K	0.179337	0.254801	0.477349	0.088513	C
66	H	0.063880	0.243318	0.591849	0.100953	C
67	P	0.094515	0.198004	0.600124	0.107357	C
68	A	0.204612	0.056456	0.639943	0.098988	C
69	D	0.163250	0.009809	0.725257	0.101685	C
70	I	0.194860	0.081156	0.613250	0.110735	C
71	P	0.355612	0.122633	0.446244	0.075511	C
72	D	0.530103	0.037632	0.362817	0.069447	H
73	Y	0.666438	0.073204	0.235881	0.024477	H
74	L	0.659554	0.123602	0.195158	0.021686	H
75	K	0.546186	0.175808	0.246061	0.031946	H
76	L	0.346483	0.167630	0.415067	0.070820	C
77	S	0.305411	0.176182	0.470039	0.048368	C
78	F	0.090745	0.190447	0.627849	0.090959	C
79	P	0.163971	0.107218	0.624418	0.104393	C
80	E	0.112454	0.165855	0.563915	0.157777	C
81	G	0.088903	0.254580	0.531855	0.124662	C
82	F	0.009366	0.341042	0.551734	0.097858	C
83	K	0.088712	0.546839	0.294738	0.069711	E
84	W	0.009645	0.690240	0.235360	0.064755	E
85	E	0.009151	0.777292	0.185442	0.028115	E
86	R	0.008694	0.650800	0.308615	0.031890	E
87	V	0.009097	0.710530	0.220262	0.060111	E
88	M	0.009594	0.722848	0.209762	0.057797	E
89	N	0.041511	0.654352	0.238890	0.065247	E
90	F	0.039620	0.493504	0.370491	0.096386	E
91	E	0.140049	0.340386	0.429326	0.090239	C
92	D	0.104105	0.320496	0.484253	0.091146	C
93	G	0.110874	0.241641	0.568450	0.079036	C
94	G	0.009892	0.483183	0.428928	0.077997	E
95	V	0.009763	0.719181	0.222080	0.048976	E
96	V	0.009858	0.834778	0.140409	0.014955	E
97	T	0.002077	0.804875	0.151460	0.041588	E
98	V	0.009348	0.697520	0.265414	0.027718	E
99	T	0.061844	0.708803	0.179416	0.049936	E
100	Q	0.054284	0.643289	0.259882	0.042546	E
101	D	0.066659	0.671343	0.236914	0.025084	E
102	S	0.009830	0.720109	0.232937	0.037124	E
103	S	0.009485	0.757996	0.191277	0.041242	E
104	L	0.008750	0.665134	0.266189	0.059926	E
105	Q	0.089376	0.556556	0.299958	0.054111	E
106	D	0.090217	0.395222	0.435889	0.078673	C
107	G	0.005469	0.322763	0.576973	0.094795	C
108	E	0.032477	0.632186	0.271787	0.063550	E
109	F	0.009558	0.650540	0.271283	0.068620	E
110	I	0.008753	0.695201	0.232529	0.063517	E
111	Y	0.012077	0.810917	0.152676	0.024330	E
112	K	0.009618	0.822485	0.166092	0.001804	E
113	V	0.009073	0.866021	0.113348	0.011558	E
114	K	0.009251	0.878839	0.086858	0.025053	E
115	L	0.009171	0.785165	0.152991	0.052672	E
116	H	0.009330	0.717101	0.225856	0.047713	E
117	G	0.068147	0.633030	0.246168	0.052654	E
118	T	0.095915	0.477352	0.353345	0.073388	E
119	N	0.101829	0.369349	0.458500	0.070322	C
120	F	0.115691	0.184211	0.578497	0.121601	C
121	P	0.186024	0.060682	0.622592	0.130702	C
122	S	0.128723	0.071870	0.684255	0.115152	C
123	D	0.062273	0.195557	0.625057	0.117113	C
124	G	0.149196	0.123465	0.600995	0.126344	C
125	P	0.193099	0.092778	0.594332	0.119791	C
126	V	0.069881	0.250256	0.570824	0.109039	C
127	M	0.070749	0.226539	0.588925	0.113788	C
128	Q	0.131117	0.137171	0.607852	0.123860	C
129	K	0.193415	0.140809	0.570872	0.094904	C
130	K	0.123429	0.193538	0.573039	0.109993	C
131	T	0.158573	0.284898	0.452235	0.104294	C
132	M	0.159654	0.244086	0.490268	0.105992	C
133	G	0.043913	0.276007	0.561876	0.118205	C
134	A	0.044677	0.335497	0.510251	0.109575	C
135	E	0.030010	0.308458	0.543597	0.117935	C
136	A	0.105206	0.294031	0.510226	0.090537	C
137	S	0.173784	0.234091	0.531490	0.060634	C
138	S	0.240209	0.232585	0.457515	0.069691	C
139	E	0.156110	0.528549	0.275337	0.040004	E
140	R	0.031537	0.696073	0.200436	0.071954	E
141	M	0.004012	0.689675	0.240028	0.066284	E
142	Y	0.009640	0.629130	0.289034	0.072196	E
143	P	0.092210	0.470926	0.377101	0.059763	E
144	E	0.043451	0.319156	0.552804	0.084589	C
145	D	0.049116	0.257250	0.601641	0.091993	C
146	G	0.133433	0.281150	0.514578	0.070839	C
147	A	0.009738	0.471656	0.425516	0.093090	E
148	L	0.000744	0.626669	0.318109	0.054478	E
149	K	0.044143	0.668496	0.240149	0.047212	E
150	G	0.272654	0.533211	0.164780	0.029354	E
151	E	0.193423	0.608268	0.146698	0.051611	E
152	I	0.127311	0.615290	0.208096	0.049303	E
153	K	0.280027	0.559473	0.144095	0.016405	E
154	V	0.232443	0.564728	0.176997	0.025832	E
155	R	0.153248	0.739870	0.079039	0.027843	E
156	L	0.128635	0.627402	0.210398	0.033565	E
157	K	0.069266	0.669459	0.205593	0.055682	E
158	L	0.087086	0.470667	0.361739	0.080508	E
159	K	0.216191	0.245158	0.454299	0.084352	C
160	D	0.111514	0.250701	0.532037	0.105748	C
161	G	0.129194	0.167148	0.578175	0.125484	C
162	G	0.009665	0.331839	0.547374	0.111122	C
163	H	0.009403	0.456383	0.435939	0.098275	E
164	Y	0.009369	0.693621	0.228812	0.068199	E
165	D	0.008847	0.756223	0.197460	0.037469	E
166	A	0.040705	0.780685	0.130416	0.048194	E
167	E	0.014317	0.700183	0.219608	0.065893	E
168	V	0.009824	0.727954	0.222495	0.039728	E
169	K	0.114090	0.560751	0.279762	0.045396	E
170	T	0.083572	0.537242	0.306231	0.072955	E
171	T	0.089045	0.476318	0.369362	0.065275	E
172	Y	0.196059	0.361861	0.381506	0.060574	C
173	K	0.028864	0.414035	0.483788	0.073314	C
174	A	0.082985	0.188720	0.601018	0.127277	C
175	K	0.111207	0.107492	0.649093	0.132208	C
176	K	0.060985	0.179018	0.593683	0.166315	C
177	P	0.010667	0.246773	0.561910	0.180650	C
178	V	0.009542	0.344596	0.477146	0.168717	C
179	Q	0.009039	0.256378	0.550283	0.184300	C
180	L	0.009814	0.210593	0.567111	0.212482	C
181	P	0.009489	0.231051	0.551982	0.207477	C
182	G	0.114321	0.212335	0.510278	0.163065	C
183	A	0.256766	0.153234	0.502986	0.087014	C
184	Y	0.077619	0.297645	0.536260	0.088476	C
185	N	0.104509	0.369137	0.463816	0.062538	C
186	A	0.232812	0.486469	0.204105	0.076614	E
187	N	0.049230	0.580809	0.315315	0.054645	E
188	Y	0.073321	0.625274	0.277706	0.023698	E
189	K	0.099097	0.610914	0.264114	0.025875	E
190	L	0.003305	0.626047	0.323889	0.046759	E
191	D	0.156257	0.618959	0.169357	0.055427	E
192	I	0.063338	0.590377	0.261051	0.085234	E
193	T	0.113794	0.373637	0.413875	0.098694	C
194	S	0.189036	0.250433	0.466364	0.094167	C
195	H	0.191983	0.214174	0.498477	0.095365	C
196	N	0.128600	0.181873	0.587631	0.101896	C
197	E	0.160443	0.129828	0.614867	0.094862	C
198	D	0.181410	0.187821	0.547727	0.083042	C
199	Y	0.176809	0.293658	0.470286	0.059247	C
200	T	0.165958	0.407020	0.369425	0.057596	E
201	I	0.134368	0.641261	0.181802	0.042569	E
202	V	0.181190	0.669485	0.126823	0.022502	E
203	E	0.188522	0.780451	0.009779	0.021248	E
204	Q	0.258563	0.646310	0.080697	0.014430	E
205	Y	0.374740	0.605829	0.009771	0.009661	E
206	E	0.403638	0.490539	0.071828	0.033995	E
207	R	0.468806	0.291180	0.195148	0.044866	H
208	C	0.390005	0.265094	0.287689	0.057212	H
209	E	0.329260	0.241018	0.367907	0.061815	C
210	G	0.290516	0.281855	0.360233	0.067395	C
211	R	0.282372	0.291855	0.339789	0.085984	C
212	H	0.279158	0.238877	0.396093	0.085871	C
213	S	0.239198	0.223073	0.462475	0.075254	C
214	I	0.111135	0.188921	0.596187	0.103757	C
215	I	0.176162	0.120360	0.586191	0.117287	C
216	K	0.184486	0.142637	0.539483	0.133393	C
217	E	0.211470	0.126490	0.541111	0.120930	C
218	F	0.179206	0.113329	0.577037	0.130428	C
219	M	0.053740	0.281615	0.515555	0.149091	C
220	R	0.036376	0.470677	0.362567	0.130380	E
221	F	0.015056	0.672766	0.234742	0.077436	E
222	K	0.009207	0.828878	0.107294	0.054620	E
223	V	0.009094	0.801877	0.139616	0.049413	E
224	H	0.009387	0.914372	0.050275	0.025966	E
225	M	0.009169	0.812755	0.153384	0.024693	E
226	E	0.107143	0.703449	0.147472	0.041936	E
227	G	0.009453	0.621360	0.280777	0.088410	E
228	S	0.064331	0.436063	0.414763	0.084844	E
229	V	0.009627	0.449734	0.469825	0.070813	C
230	N	0.075983	0.298540	0.558022	0.067455	C
231	G	0.041100	0.303257	0.565372	0.090271	C
232	H	0.022308	0.496014	0.412584	0.069094	E
233	E	0.026787	0.494226	0.377173	0.101813	E
234	F	0.008686	0.725115	0.231681	0.034518	E
235	E	0.009759	0.924983	0.035491	0.029768	E
236	I	0.009159	0.884259	0.070253	0.036329	E
237	E	0.008124	0.854428	0.092937	0.044512	E
238	G	0.008799	0.654410	0.240345	0.096447	E
239	E	0.009687	0.609628	0.264575	0.116110	E
240	G	0.009590	0.519780	0.382417	0.088213	E
241	E	0.015162	0.470063	0.381664	0.133111	E
242	G	0.123889	0.338831	0.428341	0.108939	C
243	R	0.009665	0.403845	0.461712	0.124778	C
244	P	0.092533	0.257914	0.521666	0.127888	C
245	Y	0.037012	0.287201	0.531710	0.144076	C
246	E	0.038812	0.239028	0.596090	0.126069	C
247	G	0.179568	0.315723	0.409016	0.095693	C
248	T	0.036098	0.518673	0.373575	0.071654	E
249	Q	0.158771	0.561450	0.246962	0.032817	E
250	T	0.087435	0.629427	0.231455	0.051683	E
251	A	0.067546	0.683812	0.196978	0.051664	E
252	K	0.003374	0.697246	0.243193	0.056187	E
253	L	0.009153	0.760878	0.190177	0.039792	E
254	K	0.018540	0.849353	0.099299	0.032808	E
255	V	0.018246	0.720971	0.213572	0.047210	E
256	T	0.016201	0.575260	0.329447	0.079093	E
257	K	0.094351	0.296880	0.523290	0.085479	C
258	G	0.111325	0.234578	0.524380	0.129716	C
259	G	0.009580	0.297813	0.542293	0.150314	C
260	P	0.147609	0.273730	0.463209	0.115452	C
261	L	0.009468	0.329653	0.531718	0.129161	C
262	P	0.009712	0.343431	0.559408	0.087449	C
263	F	0.158636	0.354587	0.398606	0.088171	C
264	A	0.038134	0.395523	0.470616	0.095727	C
265	W	0.195723	0.406544	0.321101	0.076632	E
266	D	0.366349	0.233323	0.352871	0.047457	H
267	I	0.292092	0.329512	0.328164	0.050232	E
268	L	0.252195	0.438538	0.252249	0.057017	E
269	S	0.245474	0.294174	0.420972	0.039379	C
270	F	0.282030	0.235145	0.425569	0.057257	C
271	Q	0.189209	0.290436	0.470809	0.049545	C
272	F	0.253846	0.311148	0.393856	0.041149	C
273	S	0.163365	0.286980	0.502555	0.047100	C
274	K	0.214206	0.297054	0.395939	0.092801	C
275	A	0.225549	0.425137	0.304607	0.044707	E
276	Y	0.242174	0.331672	0.362454	0.063700	C
277	V	0.121842	0.338342	0.469460	0.070357	C
278	K	0.192566	0.244351	0.476924	0.086160	C
279	H	0.075811	0.236689	0.587912	0.099589	C
280	P	0.100205	0.195038	0.597413	0.107344	C
281	A	0.203096	0.058457	0.640036	0.098411	C
282	D	0.169066	0.009732	0.720666	0.100536	C
283	I	0.198434	0.080626	0.608791	0.112149	C
284	P	0.353076	0.120438	0.448955	0.077530	C
285	D	0.493846	0.040441	0.386268	0.079446	H
286	Y	0.666514	0.069844	0.238630	0.025012	H
287	L	0.625936	0.153613	0.198817	0.021634	H
288	K	0.550223	0.186523	0.232694	0.030561	H
289	L	0.355208	0.173000	0.403035	0.068756	C
290	S	0.300743	0.182689	0.463676	0.052893	C
291	F	0.084080	0.199824	0.624524	0.091572	C
292	P	0.173145	0.113634	0.613521	0.099701	C
293	E	0.112893	0.168595	0.560963	0.157548	C
294	G	0.088791	0.251797	0.534582	0.124830	C
295	F	0.009352	0.336348	0.556474	0.097826	C
296	K	0.084083	0.546362	0.298947	0.070608	E
297	W	0.009637	0.691887	0.234525	0.063950	E
298	E	0.009161	0.778453	0.184201	0.028184	E
299	R	0.008662	0.648369	0.310859	0.032111	E
300	V	0.009075	0.711059	0.220258	0.059608	E
301	M	0.009604	0.723554	0.207552	0.059290	E
302	N	0.043004	0.652023	0.237471	0.067501	E
303	F	0.037387	0.499502	0.359777	0.103334	E
304	E	0.130330	0.354391	0.423241	0.092037	C
305	D	0.109269	0.338062	0.461001	0.091668	C
306	G	0.129707	0.258797	0.534603	0.076892	C
307	G	0.007122	0.497773	0.417651	0.077454	E
308	V	0.009866	0.725245	0.218078	0.046811	E
309	V	0.008493	0.832695	0.143472	0.015339	E
310	T	0.009872	0.783639	0.163448	0.043042	E
311	V	0.009565	0.696234	0.267052	0.027148	E
312	T	0.072146	0.684100	0.190621	0.053133	E
313	Q	0.066738	0.629292	0.261485	0.042486	E
314	D	0.069310	0.660988	0.239972	0.029730	E
315	S	0.002863	0.725824	0.234255	0.037058	E
316	S	0.009507	0.761378	0.189611	0.039504	E
317	L	0.008797	0.668326	0.265099	0.057778	E
318	Q	0.094362	0.549230	0.302378	0.054030	E
319	D	0.095567	0.394963	0.434801	0.074669	C
320	G	0.009885	0.316123	0.578724	0.095267	C
321	E	0.038243	0.622346	0.276108	0.063304	E
322	F	0.009633	0.644563	0.280255	0.065549	E
323	I	0.008636	0.674852	0.250462	0.066050	E
324	Y	0.009853	0.771971	0.190811	0.027365	E
325	K	0.009693	0.792629	0.193617	0.004060	E
326	V	0.009065	0.843944	0.134060	0.012931	E
327	K	0.009290	0.882796	0.082347	0.025567	E
328	L	0.008910	0.788926	0.151185	0.050979	E
329	H	0.009228	0.736959	0.206046	0.047766	E
330	G	0.029518	0.675983	0.237870	0.056629	E
331	T	0.078942	0.486133	0.358810	0.076116	E
332	N	0.102680	0.351070	0.472338	0.073911	C
333	F	0.114858	0.173310	0.587909	0.123923	C
334	P	0.189168	0.059254	0.620493	0.131085	C
335	S	0.126856	0.067846	0.690194	0.115103	C
336	D	0.057745	0.195232	0.627892	0.119132	C
337	G	0.146675	0.119375	0.605429	0.128521	C
338	P	0.181362	0.094971	0.601825	0.121842	C
339	V	0.060827	0.255149	0.573357	0.110667	C
340	M	0.066374	0.229763	0.587988	0.115875	C
341	Q	0.133455	0.134959	0.607547	0.124040	C
342	K	0.194936	0.130062	0.580485	0.094517	C
343	K	0.134717	0.205218	0.553232	0.106833	C
344	T	0.172093	0.297730	0.429661	0.100516	C
345	M	0.184117	0.236284	0.476010	0.103589	C
346	G	0.075410	0.262812	0.545659	0.116119	C
347	A	0.048548	0.342578	0.498304	0.110570	C
348	E	0.048142	0.309824	0.526444	0.115590	C
349	A	0.129347	0.275903	0.500291	0.094459	C
350	S	0.197099	0.231101	0.513937	0.057863	C
351	S	0.276178	0.213703	0.443927	0.066192	C
352	E	0.192686	0.498288	0.271545	0.037481	E
353	R	0.060607	0.665568	0.206298	0.067526	E
354	M	0.013935	0.673988	0.243114	0.068964	E
355	Y	0.009726	0.620995	0.298341	0.070937	E
356	P	0.095115	0.466453	0.380625	0.057807	E
357	E	0.075038	0.296670	0.545689	0.082603	C
358	D	0.058770	0.237916	0.609828	0.093486	C
359	G	0.138878	0.250845	0.537412	0.072865	C
360	A	0.002914	0.468992	0.437538	0.090556	E
361	L	0.005104	0.621979	0.319079	0.053838	E
362	K	0.050766	0.661800	0.241854	0.045579	E
363	G	0.273869	0.535008	0.163656	0.027467	E
364	E	0.189357	0.612658	0.146707	0.051278	E
365	I	0.132369	0.623663	0.197568	0.046400	E
366	K	0.279861	0.561531	0.143512	0.015096	E
367	V	0.233549	0.570522	0.171682	0.024247	E
368	R	0.163939	0.729775	0.080561	0.025726	E
369	L	0.122305	0.634187	0.210973	0.032535	E
370	K	0.062183	0.671561	0.209413	0.056843	E
371	L	0.094848	0.476333	0.349470	0.079350	E
372	K	0.213563	0.242258	0.459141	0.085038	C
373	D	0.117400	0.242790	0.534748	0.105061	C
374	G	0.115294	0.172495	0.583119	0.129092	C
375	G	0.009729	0.312655	0.564131	0.113485	C
376	H	0.009527	0.432888	0.452547	0.105038	C
377	Y	0.009411	0.679352	0.239867	0.071370	E
378	D	0.008882	0.737429	0.215609	0.038080	E
379	A	0.053560	0.755855	0.143350	0.047235	E
380	E	0.029734	0.685386	0.221323	0.063558	E
381	V	0.018924	0.704650	0.237051	0.039374	E
382	K	0.152462	0.516349	0.283368	0.047821	E
383	T	0.143980	0.515471	0.264060	0.076489	E
384	T	0.173675	0.403960	0.359619	0.062746	E
385	Y	0.268117	0.300491	0.369176	0.062216	C
386	K	0.070295	0.383668	0.482081	0.063956	C
387	A	0.124981	0.162935	0.585741	0.126342	C
388	K	0.122504	0.113134	0.632861	0.131501	C
389	K	0.050543	0.186388	0.599295	0.163774	C
390	P	0.021042	0.252811	0.547596	0.178551	C
391	V	0.009363	0.352568	0.478826	0.159243	C
392	Q	0.009146	0.292434	0.533405	0.165014	C
393	L	0.009759	0.242107	0.552522	0.195613	C
394	P	0.009409	0.240719	0.558894	0.190979	C
395	G	0.099318	0.221705	0.520529	0.158449	C
396	A	0.257457	0.189616	0.475435	0.077492	C
397	Y	0.075316	0.333138	0.505899	0.085648	C
398	N	0.068375	0.424342	0.447570	0.059713	C
399	A	0.193233	0.520041	0.215545	0.071181	E
400	N	0.003001	0.574390	0.366874	0.055735	E
401	Y	0.025129	0.626240	0.325472	0.023159	E
402	K	0.086748	0.602848	0.291602	0.018802	E
403	L	0.009194	0.601759	0.328988	0.060059	E
404	D	0.046009	0.770890	0.114767	0.068333	E
405	I	0.009580	0.686076	0.217440	0.086904	E
406	T	0.028324	0.502308	0.379840	0.089528	E
407	S	0.083634	0.378979	0.438655	0.098732	C
408	H	0.132774	0.254527	0.512505	0.100194	C
409	N	0.135356	0.221721	0.537451	0.105473	C
410	E	0.189698	0.174370	0.549087	0.086844	C
411	D	0.245274	0.187459	0.492841	0.074426	C
412	Y	0.187740	0.331095	0.422475	0.058689	C
413	T	0.174415	0.472158	0.300174	0.053253	E
414	I	0.225524	0.577236	0.150476	0.046764	E
415	V	0.228818	0.641656	0.096773	0.032753	E
416	E	0.241411	0.706194	0.012428	0.039968	E
417	Q	0.295792	0.571134	0.122026	0.011048	E
418	Y	0.393476	0.474880	0.103523	0.028121	E
419	E	0.324195	0.411288	0.217414	0.047104	E
420	R	0.439643	0.305348	0.219457	0.035552	H
421	C	0.362491	0.384788	0.216900	0.035821	E
422	E	0.362185	0.312149	0.255639	0.070027	H
423	G	0.404946	0.188276	0.352780	0.053999	H
424	R	0.426692	0.173495	0.351267	0.048546	H
425	H	0.367279	0.194409	0.390252	0.048060	C
426	I	0.316947	0.170491	0.473683	0.038879	C
427	I	0.135127	0.248999	0.535259	0.080615	C
428	K	0.184733	0.153673	0.552036	0.109558	C
429	E	0.129179	0.235373	0.531605	0.103843	C
430	F	0.170579	0.186821	0.554122	0.088477	C
431	M	0.016136	0.397385	0.481674	0.104805	C
432	R	0.016468	0.622628	0.275604	0.085299	E
433	F	0.004801	0.780237	0.157393	0.057569	E
434	K	0.009248	0.891508	0.056594	0.042650	E
435	V	0.009072	0.812007	0.133267	0.045654	E
436	H	0.009384	0.934696	0.033222	0.022697	E
437	M	0.009190	0.813854	0.152398	0.024558	E
438	E	0.111860	0.701228	0.145321	0.041591	E
439	G	0.009452	0.619409	0.283609	0.087530	E
440	S	0.060430	0.438378	0.416142	0.085050	E
441	V	0.009564	0.446567	0.476516	0.067353	C
442	N	0.067987	0.295320	0.570537	0.066156	C
443	G	0.032816	0.304320	0.570652	0.092213	C
444	H	0.023572	0.468319	0.431250	0.076859	E
445	E	0.018307	0.511066	0.367201	0.103426	E
446	F	0.008331	0.701587	0.250003	0.040080	E
447	E	0.009534	0.921092	0.037913	0.031461	E
448	I	0.009223	0.880459	0.075293	0.035025	E
449	E	0.009065	0.886482	0.066775	0.037678	E
450	G	0.008803	0.669025	0.230054	0.092118	E
451	E	0.009747	0.622354	0.253746	0.114153	E
452	G	0.009672	0.531192	0.371880	0.087256	E
453	E	0.017588	0.477988	0.371588	0.132836	E
454	G	0.125257	0.348345	0.417392	0.109007	C
455	R	0.009695	0.410190	0.453309	0.126807	C
456	P	0.084778	0.262565	0.520416	0.132241	C
457	Y	0.033087	0.282727	0.535637	0.148548	C
458	E	0.025224	0.236826	0.609619	0.128331	C
459	G	0.179884	0.309277	0.413259	0.097581	C
460	T	0.028475	0.524225	0.375613	0.071687	E
461	Q	0.155187	0.567918	0.243416	0.033479	E
462	T	0.083833	0.636122	0.228178	0.051867	E
463	A	0.058923	0.689645	0.198684	0.052748	E
464	K	0.009861	0.692671	0.243457	0.054012	E
465	L	0.009083	0.753230	0.196839	0.040849	E
466	K	0.015656	0.850419	0.100322	0.033603	E
467	V	0.018691	0.720130	0.213274	0.047905	E
468	T	0.014260	0.574881	0.330512	0.080347	E
469	K	0.093194	0.297808	0.523389	0.085609	C
470	G	0.104180	0.237530	0.524978	0.133312	C
471	G	0.009684	0.297601	0.541670	0.151045	C
472	P	0.158183	0.273147	0.450279	0.118391	C
473	L	0.009589	0.335191	0.527765	0.127455	C
474	P	0.009670	0.349639	0.556242	0.084450	C
475	F	0.155293	0.359456	0.396100	0.089151	C
476	A	0.035619	0.398204	0.468484	0.097693	C
477	W	0.197817	0.404586	0.320235	0.077362	E
478	D	0.379707	0.227294	0.346303	0.046697	H
479	I	0.294722	0.319189	0.335652	0.050437	C
480	L	0.261639	0.428269	0.254861	0.055231	E
481	S	0.261885	0.284866	0.415346	0.037903	C
482	F	0.299603	0.217878	0.422678	0.059842	C
483	Q	0.201865	0.278058	0.469840	0.050237	C
484	F	0.258529	0.305975	0.394009	0.041487	C
485	S	0.166029	0.281077	0.505558	0.047337	C
486	K	0.213817	0.292151	0.401609	0.092423	C
487	A	0.224679	0.421981	0.308669	0.044672	E
488	Y	0.240090	0.330912	0.364812	0.064186	C
489	V	0.121871	0.339793	0.468976	0.069360	C
490	K	0.192935	0.243155	0.477411	0.086500	C
491	H	0.070886	0.235821	0.592765	0.100528	C
492	P	0.096716	0.196690	0.598953	0.107641	C
493	A	0.205932	0.052769	0.643050	0.098250	C
494	D	0.165559	0.009760	0.723882	0.100799	C
495	I	0.199113	0.077681	0.612403	0.110803	C
496	P	0.357151	0.119945	0.446249	0.076655	C
497	D	0.528952	0.039303	0.362481	0.069264	H
498	Y	0.672191	0.073339	0.230818	0.023653	H
499	L	0.657128	0.126984	0.194515	0.021374	H
500	K	0.550186	0.173843	0.240181	0.035791	H
501	L	0.364813	0.155525	0.413013	0.066648	C
502	S	0.305613	0.180215	0.467222	0.046951	C
503	F	0.086189	0.195084	0.626586	0.092141	C
504	P	0.175753	0.112862	0.610922	0.100463	C
505	E	0.117592	0.167087	0.557419	0.157902	C
506	G	0.088933	0.253700	0.532168	0.125199	C
507	F	0.009328	0.338675	0.554556	0.097441	C
508	K	0.083185	0.548231	0.297980	0.070603	E
509	W	0.009628	0.688751	0.237172	0.064449	E
510	E	0.009142	0.776421	0.186299	0.028139	E
511	R	0.008639	0.647780	0.311229	0.032352	E
512	V	0.009085	0.711158	0.219086	0.060671	E
513	M	0.009604	0.721472	0.210031	0.058893	E
514	N	0.039335	0.652505	0.242019	0.066141	E
515	F	0.039873	0.489971	0.372972	0.097184	E
516	E	0.140214	0.334723	0.433915	0.091149	C
517	D	0.102074	0.319583	0.486555	0.091789	C
518	G	0.110742	0.243501	0.566019	0.079738	C
519	G	0.009866	0.485297	0.426787	0.078049	E
520	V	0.009761	0.718408	0.222638	0.049193	E
521	V	0.009855	0.831505	0.142727	0.015913	E
522	T	0.009890	0.794942	0.153165	0.042003	E
523	V	0.009390	0.696821	0.265854	0.027935	E
524	T	0.062063	0.707730	0.179927	0.050280	E
525	Q	0.057384	0.642646	0.258108	0.041862	E
526	D	0.068724	0.668709	0.236554	0.026012	E
527	S	0.009863	0.724094	0.229804	0.036239	E
528	S	0.009519	0.763745	0.188059	0.038677	E
529	L	0.008773	0.672709	0.259167	0.059351	E
530	Q	0.087926	0.556956	0.299700	0.055418	E
531	D	0.089087	0.400353	0.432434	0.078126	C
532	G	0.009849	0.328074	0.567352	0.094725	C
533	E	0.027052	0.639161	0.269587	0.064200	E
534	F	0.009551	0.656158	0.266108	0.068183	E
535	I	0.008742	0.697747	0.230469	0.063042	E
536	Y	0.011529	0.812665	0.151161	0.024645	E
537	K	0.009623	0.824517	0.163302	0.002558	E
538	V	0.009065	0.865984	0.112021	0.012931	E
539	K	0.009283	0.878787	0.085942	0.025988	E
540	L	0.009176	0.785419	0.152377	0.053028	E
541	H	0.009381	0.717140	0.224227	0.049252	E
542	G	0.059713	0.642694	0.243684	0.053909	E
543	T	0.095254	0.478808	0.351764	0.074174	E
544	N	0.090927	0.372342	0.463743	0.072988	C
545	F	0.111917	0.190648	0.576273	0.121162	C
546	P	0.191453	0.058151	0.621670	0.128725	C
547	S	0.129983	0.064752	0.690145	0.115120	C
548	D	0.056956	0.191642	0.632854	0.118547	C
549	G	0.145144	0.123225	0.603926	0.127706	C
550	P	0.190254	0.094265	0.595788	0.119693	C
551	V	0.064047	0.259464	0.568284	0.108205	C
552	M	0.064197	0.234000	0.589172	0.112631	C
553	Q	0.126152	0.142554	0.609602	0.121692	C
554	K	0.192170	0.142559	0.572121	0.093151	C
555	K	0.114688	0.208509	0.567692	0.109111	C
556	T	0.145811	0.311208	0.439534	0.103447	C
557	M	0.160427	0.252024	0.482379	0.105170	C
558	G	0.056953	0.275728	0.549381	0.117938	C
559	A	0.039910	0.337066	0.510949	0.112075	C
560	E	0.042219	0.311669	0.527780	0.118332	C
561	A	0.125250	0.282293	0.498127	0.094330	C
562	S	0.178009	0.245904	0.515452	0.060635	C
563	S	0.246933	0.232386	0.451304	0.069376	C
564	E	0.159398	0.528183	0.272651	0.039768	E
565	R	0.034222	0.690918	0.203549	0.071311	E
566	M	0.006617	0.686978	0.240256	0.066149	E
567	Y	0.009691	0.632063	0.287639	0.070607	E
568	P	0.089589	0.476002	0.377487	0.056923	E
569	E	0.060590	0.314061	0.543276	0.082073	C
570	D	0.052647	0.250160	0.604666	0.092527	C
571	G	0.132585	0.263559	0.532558	0.071299	C
572	A	0.009750	0.470233	0.429596	0.090421	E
573	L	0.003618	0.624328	0.318608	0.053446	E
574	K	0.047022	0.661069	0.246143	0.045766	E
575	G	0.271695	0.532368	0.168930	0.027008	E
576	E	0.191567	0.609336	0.149971	0.049127	E
577	I	0.120535	0.622088	0.209136	0.048242	E
578	K	0.269592	0.567094	0.146925	0.016388	E
579	V	0.218873	0.577843	0.177935	0.025350	E
580	R	0.149509	0.747054	0.076657	0.026780	E
581	L	0.116591	0.647203	0.203532	0.032674	E
582	K	0.057410	0.686945	0.200090	0.055556	E
583	L	0.082588	0.490796	0.348014	0.078601	E
584	K	0.210964	0.246758	0.457651	0.084627	C
585	D	0.109947	0.250556	0.534990	0.104507	C
586	G	0.125811	0.171660	0.576953	0.125576	C
587	G	0.009599	0.335098	0.544924	0.110380	C
588	H	0.009326	0.462706	0.430164	0.097804	E
589	Y	0.009262	0.699873	0.224650	0.066214	E
590	D	0.008779	0.767074	0.186767	0.037381	E
591	A	0.037214	0.793094	0.123459	0.046232	E
592	E	0.022204	0.713167	0.200315	0.064313	E
593	V	0.009819	0.746750	0.205013	0.038419	E
594	K	0.113794	0.576643	0.266820	0.042743	E
595	T	0.080331	0.542762	0.304917	0.071990	E
596	T	0.096122	0.480262	0.360895	0.062720	E
597	Y	0.210991	0.358958	0.371996	0.058055	C
598	K	0.041185	0.412624	0.475770	0.070421	C
599	A	0.098624	0.189698	0.586581	0.125098	C
600	K	0.115633	0.119243	0.635021	0.130104	C
601	K	0.050421	0.190316	0.593442	0.165821	C
602	P	0.012773	0.256396	0.550378	0.180454	C
603	V	0.009543	0.353877	0.474032	0.162548	C
604	Q	0.009109	0.272629	0.541548	0.176714	C
605	L	0.009797	0.224514	0.561375	0.204315	C
606	P	0.009413	0.243852	0.549705	0.197029	C
607	G	0.103328	0.213215	0.520058	0.163399	C
608	A	0.250401	0.155023	0.506727	0.087849	C
609	Y	0.048252	0.337789	0.526994	0.086964	C
610	N	0.056001	0.445701	0.432255	0.066043	E
611	A	0.152998	0.571088	0.201038	0.074877	E
612	N	0.009768	0.607812	0.330575	0.051845	E
613	Y	0.009789	0.670509	0.303144	0.016558	E
614	K	0.096460	0.682986	0.212548	0.008006	E
615	L	0.009567	0.688511	0.269815	0.032108	E
616	D	0.048465	0.799592	0.099071	0.052872	E
617	I	0.009371	0.732161	0.181701	0.076766	E
618	T	0.008913	0.569055	0.323827	0.098205	E
619	S	0.092008	0.388790	0.431584	0.087618	C
620	H	0.123434	0.275509	0.505227	0.095830	C
621	N	0.133880	0.219838	0.542411	0.103871	C
622	E	0.179284	0.158041	0.579844	0.082831	C
623	D	0.198700	0.179264	0.549935	0.072101	C
624	Y	0.215058	0.258098	0.476457	0.050387	C
625	T	0.170778	0.451884	0.325283	0.052056	E
626	I	0.191727	0.614594	0.156286	0.037393	E
627	V	0.224925	0.640776	0.108483	0.025816	E
628	E	0.344484	0.623661	0.009774	0.022081	E
629	Q	0.324410	0.592618	0.077663	0.005308	E
630	Y	0.433071	0.491289	0.070420	0.005221	E
631	E	0.372122	0.438012	0.142979	0.046887	E
632	R	0.343893	0.396683	0.206736	0.052688	E
633	C	0.267439	0.296804	0.335620	0.100137	C
634	E	0.367441	0.230771	0.330752	0.071036	H
635	G	0.314569	0.221459	0.373347	0.090625	C
636	R	0.285918	0.147871	0.469651	0.096561	C
637	H	0.307886	0.136288	0.479463	0.076364	C
638	I	0.266225	0.174928	0.476787	0.082061	C
639	K	0.259253	0.137459	0.514552	0.088736	C
640	E	0.208373	0.199224	0.481813	0.110590	C
641	F	0.175692	0.213553	0.496947	0.113809	C
642	M	0.041933	0.450174	0.392571	0.115322	E
643	R	0.029132	0.618415	0.259734	0.092720	E
644	F	0.003411	0.766920	0.164273	0.065397	E
645	K	0.009181	0.890982	0.050587	0.049250	E
646	V	0.009208	0.803039	0.141141	0.046611	E
647	H	0.009498	0.916583	0.051262	0.022657	E
648	M	0.009233	0.808860	0.156638	0.025270	E
649	E	0.111261	0.701085	0.147092	0.040562	E
650	G	0.009503	0.622338	0.279900	0.088259	E
651	S	0.063184	0.437783	0.413497	0.085535	E
652	V	0.009621	0.453536	0.465690	0.071153	C
653	N	0.075403	0.298925	0.559568	0.066103	C
654	G	0.044604	0.303701	0.561708	0.089986	C
655	H	0.028669	0.494808	0.408271	0.068252	E
656	E	0.018218	0.502514	0.376300	0.102968	E
657	F	0.008682	0.712694	0.242441	0.036183	E
658	E	0.009665	0.928302	0.033094	0.028940	E
659	I	0.009154	0.891590	0.063239	0.036017	E
660	E	0.003497	0.864746	0.089715	0.042043	E
661	G	0.008745	0.652182	0.243177	0.095897	E
662	E	0.009728	0.610086	0.264681	0.115506	E
663	G	0.009534	0.523316	0.379633	0.087516	E
664	E	0.014675	0.474919	0.377676	0.132730	E
665	G	0.126203	0.337949	0.427612	0.108236	C
666	R	0.009659	0.400724	0.464854	0.124763	C
667	P	0.091794	0.255642	0.525697	0.126866	C
668	Y	0.032964	0.285662	0.536715	0.144659	C
669	E	0.035575	0.236983	0.600407	0.127035	C
670	G	0.174887	0.314704	0.414418	0.095991	C
671	T	0.036226	0.520946	0.370581	0.072247	E
672	Q	0.151779	0.557352	0.254514	0.036355	E
673	T	0.090397	0.615559	0.240829	0.053215	E
674	A	0.075631	0.667393	0.205859	0.051116	E
675	K	0.009894	0.678877	0.254007	0.057223	E
676	L	0.009184	0.754895	0.194752	0.041169	E
677	K	0.028689	0.839442	0.099817	0.032053	E
678	V	0.012919	0.720742	0.217950	0.048389	E
679	T	0.016393	0.570009	0.333015	0.080583	E
680	K	0.088697	0.300365	0.523059	0.087879	C
681	G	0.110213	0.237400	0.523790	0.128596	C
682	G	0.009548	0.295911	0.544218	0.150323	C
683	P	0.139911	0.271600	0.472479	0.116009	C
684	L	0.009454	0.326113	0.535488	0.128945	C
685	P	0.009688	0.344706	0.557909	0.087697	C
686	F	0.159709	0.360346	0.392896	0.087049	C
687	A	0.038406	0.400700	0.466571	0.094324	C
688	W	0.203129	0.410372	0.312732	0.073767	E
689	D	0.378463	0.236608	0.342133	0.042796	H
690	I	0.301648	0.327642	0.321834	0.048876	E
691	L	0.267376	0.434687	0.241552	0.056385	E
692	S	0.255756	0.289239	0.416221	0.038784	C
693	F	0.286704	0.231111	0.425054	0.057131	C
694	Q	0.193958	0.290406	0.467773	0.047863	C
695	F	0.255353	0.307995	0.396632	0.040020	C
696	S	0.163762	0.286286	0.501792	0.048160	C
697	K	0.206107	0.310404	0.390444	0.093045	C
698	A	0.221486	0.433639	0.300492	0.044382	E
699	Y	0.237255	0.334477	0.363555	0.064714	C
700	V	0.115248	0.348831	0.464660	0.071261	C
701	K	0.185907	0.248844	0.478164	0.087085	C
702	H	0.072606	0.240532	0.586161	0.100702	C
703	P	0.098216	0.198850	0.596339	0.106595	C
704	A	0.201405	0.059665	0.640962	0.097969	C
705	D	0.166375	0.009805	0.722933	0.100887	C
706	I	0.196013	0.080754	0.611009	0.112225	C
707	P	0.354578	0.121763	0.446972	0.076687	C
708	D	0.498041	0.041779	0.381486	0.078695	H
709	Y	0.664037	0.067766	0.242069	0.026129	H
710	L	0.636594	0.147096	0.194782	0.021528	H
711	K	0.555644	0.187415	0.230060	0.026880	H
712	L	0.338095	0.186357	0.403051	0.072498	C
713	S	0.299234	0.179182	0.468888	0.052696	C
714	F	0.087596	0.197161	0.625433	0.089810	C
715	P	0.161663	0.109664	0.625576	0.103098	C
716	E	0.109301	0.167154	0.565859	0.157686	C
717	G	0.086066	0.254163	0.535016	0.124756	C
718	F	0.009361	0.336543	0.556314	0.097782	C
719	K	0.083195	0.548084	0.298289	0.070432	E
720	W	0.009620	0.693550	0.232446	0.064384	E
721	E	0.009161	0.776333	0.186374	0.028132	E
722	R	0.008668	0.648938	0.310212	0.032182	E
723	V	0.009078	0.710271	0.221307	0.059344	E
724	M	0.009598	0.723165	0.208500	0.058738	E
725	N	0.044148	0.651449	0.237592	0.066810	E
726	F	0.037943	0.497876	0.360626	0.103556	E
727	E	0.131530	0.353790	0.422739	0.091941	C
728	D	0.111261	0.337503	0.460082	0.091154	C
729	G	0.131341	0.258724	0.533107	0.076828	C
730	G	0.008259	0.497841	0.416555	0.077345	E
731	V	0.009868	0.726932	0.216554	0.046646	E
732	V	0.007920	0.835785	0.141320	0.014975	E
733	T	0.009865	0.783638	0.163391	0.043106	E
734	V	0.009538	0.695507	0.267517	0.027438	E
735	T	0.071471	0.683793	0.191023	0.053713	E
736	Q	0.061549	0.632633	0.262457	0.043361	E
737	D	0.068391	0.660458	0.241484	0.029667	E
738	S	0.009874	0.716795	0.235806	0.037524	E
739	S	0.009495	0.760113	0.189560	0.040833	E
740	L	0.008821	0.668553	0.265122	0.057504	E
741	Q	0.098220	0.556271	0.291303	0.054207	E
742	D	0.093306	0.401533	0.430268	0.074894	C
743	G	0.014906	0.310167	0.579806	0.095121	C
744	E	0.038720	0.622043	0.275982	0.063254	E
745	F	0.009678	0.640883	0.283194	0.066245	E
746	I	0.008611	0.681072	0.243409	0.066908	E
747	Y	0.009800	0.771569	0.190659	0.027973	E
748	K	0.009716	0.790246	0.195886	0.004152	E
749	V	0.009087	0.841299	0.137555	0.012059	E
750	K	0.009244	0.877437	0.088419	0.024899	E
751	L	0.008939	0.785454	0.154600	0.051008	E
752	H	0.009194	0.734556	0.209346	0.046904	E
753	G	0.044379	0.656816	0.244242	0.054563	E
754	T	0.076573	0.490447	0.357884	0.075096	E
755	N	0.110522	0.351808	0.468583	0.069087	C
756	F	0.112215	0.170892	0.592727	0.124166	C
757	P	0.187004	0.059371	0.621190	0.132435	C
758	S	0.125697	0.070973	0.689057	0.114272	C
759	D	0.063765	0.196550	0.623345	0.116340	C
760	G	0.151871	0.124055	0.598287	0.125786	C
761	P	0.186500	0.094334	0.599761	0.119405	C
762	V	0.071109	0.250968	0.568811	0.109112	C
763	M	0.081146	0.227560	0.576306	0.114989	C
764	Q	0.144150	0.124384	0.611801	0.119665	C
765	K	0.192135	0.120389	0.588315	0.099161	C
766	K	0.140293	0.186678	0.567061	0.105969	C
767	T	0.167627	0.290902	0.438464	0.103007	C
768	M	0.178526	0.239756	0.476973	0.104745	C
769	G	0.078026	0.266060	0.539649	0.116265	C
770	A	0.056082	0.343540	0.487575	0.112804	C
771	E	0.065154	0.300546	0.513052	0.121248	C
772	A	0.156972	0.262742	0.485450	0.094836	C
773	S	0.249724	0.193646	0.496968	0.059662	C
774	S	0.282621	0.195914	0.453179	0.068285	C
775	E	0.184619	0.480812	0.287280	0.047290	E
776	R	0.044232	0.663670	0.223003	0.069094	E
777	M	0.008764	0.668381	0.252710	0.070145	E
778	Y	0.009759	0.624659	0.293569	0.072013	E
779	P	0.101493	0.470276	0.369347	0.058884	E
780	E	0.069659	0.312951	0.534848	0.082542	C
781	D	0.071481	0.235431	0.602311	0.090777	C
782	G	0.149315	0.258802	0.518721	0.073163	C
783	A	0.009828	0.483015	0.416437	0.090720	E
784	L	0.009741	0.634311	0.302752	0.053196	E
785	K	0.022384	0.692732	0.238486	0.046398	E
786	G	0.251047	0.554646	0.164190	0.030117	E
787	E	0.181148	0.630108	0.139864	0.048881	E
788	I	0.107673	0.654594	0.199235	0.038498	E
789	K	0.275382	0.576559	0.139820	0.008239	E
790	V	0.163745	0.609593	0.197999	0.028663	E
791	R	0.127363	0.744578	0.096929	0.031131	E
792	L	0.060488	0.620366	0.277465	0.041681	E
793	K	0.031447	0.658441	0.245745	0.064367	E
794	L	0.021327	0.551342	0.352003	0.075329	E
795	K	0.133334	0.350996	0.431838	0.083832	C
796	D	0.076414	0.296242	0.504245	0.123099	C
797	G	0.125564	0.171335	0.583875	0.119226	C
798	G	0.009332	0.349933	0.525323	0.115412	C
799	H	0.009191	0.467571	0.412521	0.110718	E
800	Y	0.009313	0.697262	0.223405	0.070020	E
801	D	0.008806	0.764551	0.184512	0.042131	E
802	A	0.032718	0.804004	0.118852	0.044425	E
803	E	0.023900	0.730130	0.186124	0.059847	E
804	V	0.026492	0.723390	0.212598	0.037521	E
805	K	0.150133	0.512915	0.281828	0.055124	E
806	T	0.096567	0.544725	0.281907	0.076801	E
807	T	0.127834	0.407578	0.398352	0.066237	E
808	Y	0.228620	0.343247	0.362507	0.065626	C
809	K	0.094753	0.382787	0.455110	0.067350	C
810	A	0.102412	0.191246	0.575804	0.130538	C
811	K	0.114598	0.099667	0.649227	0.136508	C
812	K	0.042484	0.180215	0.611978	0.165323	C
813	P	0.015596	0.253059	0.549575	0.181771	C
814	V	0.009427	0.352349	0.473621	0.164603	C
815	Q	0.009092	0.285493	0.534901	0.170514	C
816	L	0.009782	0.240552	0.550803	0.198863	C
817	P	0.009499	0.232008	0.561391	0.197101	C
818	G	0.133464	0.218021	0.491003	0.157512	C
819	A	0.290459	0.178689	0.455177	0.075674	C
820	Y	0.103909	0.258636	0.550456	0.086999	C
821	N	0.112689	0.362507	0.459061	0.065744	C
822	A	0.274478	0.427639	0.222342	0.075541	E
823	N	0.057925	0.544370	0.337247	0.060457	E
824	Y	0.071254	0.549368	0.358260	0.021118	E
825	K	0.132238	0.545911	0.298595	0.023256	E
826	L	0.009344	0.562987	0.375717	0.051951	E
827	D	0.079513	0.687734	0.157162	0.075591	E
828	I	0.064604	0.625512	0.221407	0.088477	E
829	T	0.071670	0.515781	0.319827	0.092721	E
830	S	0.124317	0.353303	0.433432	0.088949	C
831	H	0.159492	0.263043	0.476959	0.100506	C
832	N	0.125689	0.228554	0.542848	0.102909	C
833	E	0.170443	0.121556	0.622351	0.085651	C
834	D	0.200367	0.125964	0.598416	0.075252	C
835	Y	0.153804	0.216284	0.561537	0.068376	C
836	T	0.145129	0.346908	0.444948	0.063015	C
837	I	0.156506	0.550482	0.249112	0.043900	E
838	V	0.140144	0.642740	0.195129	0.021987	E
839	E	0.271702	0.689831	0.030638	0.007829	E
840	Q	0.244250	0.576743	0.145768	0.033239	E
841	Y	0.462124	0.526602	0.005455	0.005820	E
842	E	0.459699	0.463950	0.049598	0.026754	E
843	R	0.538309	0.302130	0.145297	0.014265	H
844	C	0.491682	0.326443	0.152791	0.029084	H
845	E	0.339492	0.398893	0.213616	0.047999	E
846	G	0.292033	0.298490	0.343759	0.065718	C
847	R	0.203473	0.252627	0.442207	0.101693	C
848	H	0.127944	0.177365	0.625327	0.069363	C
