> rkretsch_192525371
#rid	resname	Helix	Beta	Coil	PPII	ss_kind
1	M	0.009805	0.182060	0.758849	0.049286	C
2	A	0.071188	0.105546	0.717378	0.105889	C
3	I	0.125410	0.181680	0.605107	0.087803	C
4	I	0.109222	0.201994	0.559981	0.128803	C
5	K	0.212418	0.142009	0.515500	0.130074	C
6	E	0.204505	0.221860	0.471780	0.101855	C
7	F	0.172416	0.132219	0.579481	0.115884	C
8	M	0.075185	0.354086	0.465025	0.105704	C
9	R	0.029960	0.565750	0.315149	0.089141	E
10	F	0.009880	0.702430	0.219412	0.068278	E
11	K	0.009158	0.881783	0.066103	0.042956	E
12	V	0.008973	0.814859	0.129445	0.046723	E
13	H	0.009356	0.931622	0.036382	0.022640	E
14	M	0.009190	0.814138	0.150412	0.026260	E
15	E	0.098464	0.705172	0.152820	0.043544	E
16	G	0.009416	0.615294	0.287089	0.088201	E
17	S	0.054130	0.432183	0.426024	0.087662	E
18	V	0.009550	0.441473	0.479882	0.069095	C
19	N	0.069170	0.296569	0.566640	0.067621	C
20	G	0.029709	0.282981	0.588869	0.098441	C
21	H	0.029448	0.435847	0.454105	0.080600	C
22	E	0.024289	0.503887	0.366619	0.105206	E
23	F	0.008339	0.701969	0.249856	0.039836	E
24	E	0.009533	0.913417	0.044130	0.032919	E
25	I	0.009230	0.867459	0.085503	0.037807	E
26	E	0.018838	0.872975	0.066774	0.041413	E
27	G	0.008837	0.657904	0.238289	0.094970	E
28	E	0.009773	0.601777	0.270168	0.118281	E
29	G	0.009715	0.516153	0.384979	0.089153	E
30	E	0.018291	0.475611	0.371162	0.134936	E
31	G	0.133076	0.341792	0.413452	0.111679	C
32	R	0.009726	0.407482	0.454138	0.128654	C
33	P	0.084712	0.258820	0.522588	0.133880	C
34	Y	0.028664	0.280581	0.539342	0.151413	C
35	E	0.015270	0.239949	0.612833	0.131948	C
36	G	0.169730	0.309769	0.417395	0.103105	C
37	T	0.022928	0.519065	0.383721	0.074286	E
38	Q	0.149264	0.563544	0.250859	0.036334	E
39	T	0.076160	0.630110	0.238884	0.054846	E
40	A	0.054658	0.680995	0.207751	0.056596	E
41	K	0.009874	0.686254	0.247441	0.056431	E
42	L	0.009111	0.747322	0.201459	0.042108	E
43	K	0.018059	0.839504	0.106682	0.035756	E
44	V	0.021953	0.708418	0.218321	0.051308	E
45	T	0.016815	0.566830	0.333140	0.083215	E
46	K	0.093648	0.294988	0.523507	0.087857	C
47	G	0.098247	0.232420	0.532490	0.136842	C
48	G	0.009785	0.302651	0.535673	0.151891	C
49	P	0.154662	0.266573	0.456878	0.121887	C
50	L	0.009694	0.326435	0.534230	0.129641	C
51	P	0.009648	0.353295	0.552738	0.084319	C
52	F	0.149352	0.367493	0.393647	0.089509	C
53	A	0.033045	0.402930	0.465712	0.098312	C
54	W	0.195042	0.408827	0.318103	0.078028	E
55	D	0.373154	0.233790	0.346286	0.046770	H
56	I	0.293155	0.314571	0.338178	0.054096	C
57	L	0.272469	0.400470	0.270916	0.056145	E
58	S	0.252981	0.269169	0.429055	0.048794	C
59	Y	0.327524	0.189326	0.420024	0.063127	C
60	Q	0.253554	0.240981	0.451203	0.054262	C
61	F	0.277967	0.271146	0.406322	0.044565	C
62	S	0.193681	0.262861	0.494194	0.049265	C
63	K	0.220592	0.282968	0.399346	0.097094	C
64	A	0.247045	0.396800	0.311533	0.044622	E
65	Y	0.257146	0.299563	0.375302	0.067989	C
66	V	0.125546	0.325969	0.471959	0.076526	C
67	K	0.179659	0.189533	0.534191	0.096617	C
68	H	0.048011	0.212661	0.625980	0.113348	C
69	P	0.086767	0.188408	0.608144	0.116682	C
70	A	0.187041	0.055842	0.654662	0.102456	C
71	D	0.163512	0.009787	0.719677	0.107024	C
72	I	0.182958	0.087242	0.612601	0.117199	C
73	P	0.369873	0.120753	0.431258	0.078116	C
74	D	0.537637	0.034982	0.355269	0.072111	H
75	Y	0.666595	0.070864	0.237497	0.025045	H
76	L	0.662033	0.107632	0.206022	0.024314	H
77	K	0.540965	0.166642	0.258127	0.034267	H
78	L	0.342965	0.161505	0.423231	0.072299	C
79	S	0.301677	0.170859	0.478216	0.049249	C
80	F	0.085309	0.188411	0.634154	0.092127	C
81	P	0.157837	0.103641	0.632322	0.106200	C
82	E	0.104684	0.167772	0.568637	0.158907	C
83	G	0.087141	0.253678	0.532678	0.126504	C
84	F	0.009341	0.340083	0.550657	0.099918	C
85	K	0.090831	0.541392	0.296312	0.071466	E
86	W	0.009651	0.687526	0.236694	0.066129	E
87	E	0.009142	0.772790	0.188438	0.029630	E
88	R	0.008694	0.645550	0.312052	0.033704	E
89	V	0.009066	0.700497	0.228605	0.061832	E
90	M	0.009580	0.714692	0.215893	0.059834	E
91	N	0.041257	0.646532	0.244331	0.067880	E
92	F	0.035045	0.487727	0.377950	0.099279	E
93	E	0.138208	0.339564	0.429604	0.092625	C
94	D	0.105110	0.322271	0.479305	0.093313	C
95	G	0.108063	0.242825	0.567301	0.081811	C
96	G	0.009861	0.481348	0.428334	0.080458	E
97	V	0.009711	0.711589	0.227904	0.050796	E
98	V	0.009829	0.827250	0.146353	0.016568	E
99	T	0.000951	0.797881	0.157808	0.043359	E
100	V	0.009304	0.689940	0.271066	0.029690	E
101	T	0.059141	0.702385	0.185952	0.052521	E
102	Q	0.048742	0.638188	0.268400	0.044671	E
103	D	0.064021	0.668964	0.239455	0.027559	E
104	S	0.009813	0.713095	0.237276	0.039816	E
105	S	0.009444	0.749693	0.197572	0.043290	E
106	L	0.008743	0.658045	0.271467	0.061744	E
107	Q	0.088506	0.552570	0.302357	0.056568	E
108	D	0.089057	0.395709	0.434885	0.080349	C
109	G	0.010401	0.317354	0.574700	0.097544	C
110	E	0.029959	0.626388	0.277447	0.066206	E
111	F	0.009550	0.640744	0.278492	0.071213	E
112	I	0.008768	0.690122	0.235794	0.065317	E
113	Y	0.013733	0.803702	0.156121	0.026444	E
114	K	0.009568	0.817119	0.168921	0.004392	E
115	V	0.009060	0.856143	0.118472	0.016325	E
116	K	0.009235	0.871360	0.090419	0.028985	E
117	L	0.009207	0.775169	0.158785	0.056840	E
118	H	0.009351	0.709332	0.230863	0.050454	E
119	G	0.070495	0.617824	0.254436	0.057245	E
120	T	0.088877	0.492411	0.342958	0.075754	E
121	N	0.106688	0.365340	0.457902	0.070069	C
122	F	0.129013	0.192788	0.560650	0.117549	C
123	P	0.180322	0.063021	0.627966	0.128691	C
124	S	0.126766	0.070541	0.688191	0.114502	C
125	D	0.058637	0.193832	0.629786	0.117746	C
126	G	0.148829	0.119936	0.602413	0.128822	C
127	P	0.196884	0.085463	0.595570	0.122082	C
128	V	0.072236	0.246568	0.572781	0.108415	C
129	M	0.076909	0.224516	0.586066	0.112509	C
130	Q	0.136465	0.136732	0.603859	0.122944	C
131	K	0.196332	0.145974	0.561552	0.096143	C
132	K	0.124632	0.200555	0.565037	0.109777	C
133	T	0.156894	0.277373	0.456745	0.108987	C
134	M	0.138957	0.240008	0.504019	0.117016	C
135	G	0.041432	0.263453	0.569148	0.125967	C
136	G	0.054409	0.307535	0.520149	0.117907	C
137	E	0.043764	0.309932	0.525011	0.121293	C
138	A	0.069222	0.320620	0.510756	0.099401	C
139	S	0.144169	0.265001	0.522207	0.068623	C
140	S	0.228388	0.231354	0.470026	0.070231	C
141	E	0.120757	0.532947	0.306770	0.039526	E
142	R	0.029210	0.695235	0.201256	0.074299	E
143	M	0.001063	0.675217	0.255998	0.067722	E
144	Y	0.009355	0.603056	0.306273	0.081316	E
145	P	0.068891	0.478222	0.381314	0.071573	E
146	E	0.011135	0.334454	0.559119	0.095292	C
147	D	0.055187	0.236782	0.607960	0.100071	C
148	G	0.129480	0.284465	0.509913	0.076141	C
149	A	0.004947	0.476607	0.422588	0.095858	E
150	L	0.007924	0.607547	0.324031	0.060497	E
151	K	0.057638	0.620162	0.271475	0.050725	E
152	G	0.265888	0.512411	0.186628	0.035074	E
153	E	0.189600	0.579493	0.179269	0.051638	E
154	I	0.113923	0.610520	0.223720	0.051837	E
155	K	0.252597	0.579640	0.151644	0.016119	E
156	V	0.221593	0.579500	0.175775	0.023132	E
157	R	0.141690	0.763635	0.061840	0.032834	E
158	L	0.137444	0.627431	0.206008	0.029116	E
159	K	0.069941	0.667005	0.207852	0.055202	E
160	L	0.090410	0.460138	0.366914	0.082538	E
161	K	0.199015	0.251547	0.460464	0.088974	C
162	D	0.112205	0.243412	0.531500	0.112884	C
163	G	0.124678	0.167219	0.576620	0.131484	C
164	G	0.009776	0.322242	0.551840	0.116142	C
165	H	0.009474	0.442899	0.440922	0.106704	E
166	Y	0.009243	0.697830	0.225072	0.067856	E
167	D	0.008838	0.734617	0.215428	0.041117	E
168	A	0.009762	0.789599	0.150621	0.050018	E
169	E	0.009826	0.711278	0.205926	0.072969	E
170	V	0.009487	0.726393	0.221886	0.042234	E
171	K	0.062675	0.602160	0.282648	0.052516	E
172	T	0.026323	0.590810	0.311631	0.071236	E
173	T	0.041649	0.507860	0.381069	0.069421	E
174	Y	0.159891	0.387373	0.399668	0.053068	C
175	K	0.009711	0.450607	0.463899	0.075782	C
176	A	0.103503	0.185026	0.589288	0.122183	C
177	K	0.111841	0.107989	0.654111	0.126059	C
178	K	0.069228	0.175817	0.604640	0.150315	C
179	P	0.033902	0.248639	0.551682	0.165777	C
180	V	0.008615	0.340124	0.487760	0.163501	C
181	Q	0.009246	0.284956	0.538641	0.167156	C
182	L	0.009814	0.208685	0.574975	0.206526	C
183	P	0.009743	0.216945	0.565415	0.207897	C
184	G	0.090196	0.200714	0.545693	0.163397	C
185	A	0.275750	0.126209	0.516398	0.081643	C
186	Y	0.047924	0.297633	0.567696	0.086747	C
187	N	0.063159	0.441341	0.435447	0.060052	E
188	A	0.147943	0.587838	0.190089	0.074131	E
189	N	0.009654	0.601674	0.331214	0.057458	E
190	Y	0.009821	0.663942	0.297177	0.029060	E
191	K	0.093544	0.671900	0.215666	0.018890	E
192	L	0.009664	0.647249	0.300238	0.042848	E
193	D	0.056474	0.721760	0.147449	0.074317	E
194	I	0.009811	0.670167	0.234763	0.085258	E
195	T	0.054502	0.508157	0.337402	0.099940	E
196	S	0.136160	0.356997	0.420727	0.086116	C
197	H	0.160187	0.227661	0.519908	0.092243	C
198	N	0.160861	0.187118	0.556461	0.095559	C
199	E	0.169273	0.138704	0.608534	0.083489	C
200	D	0.199564	0.159229	0.564129	0.077079	C
201	Y	0.202370	0.202428	0.530345	0.064856	C
202	T	0.129063	0.399973	0.407812	0.063152	C
203	I	0.144019	0.562200	0.253421	0.040359	E
204	V	0.166604	0.625706	0.188478	0.019212	E
205	E	0.230545	0.752671	0.009802	0.006981	E
206	Q	0.182531	0.639958	0.135017	0.042493	E
207	Y	0.340657	0.557502	0.061548	0.040293	E
208	E	0.310925	0.487903	0.156362	0.044809	E
209	R	0.270128	0.357396	0.304142	0.068334	E
210	C	0.161815	0.390086	0.358276	0.089822	E
211	E	0.272249	0.263672	0.389111	0.074968	C
212	G	0.067537	0.396451	0.454150	0.081861	C
213	R	0.106695	0.359277	0.466363	0.067665	C
214	H	0.037495	0.344689	0.528176	0.089640	C
215	S	0.100256	0.318938	0.499699	0.081106	C
216	M	0.009744	0.391621	0.510061	0.088574	C
217	A	0.072624	0.324134	0.510665	0.092576	C
218	I	0.047936	0.274988	0.573088	0.103988	C
219	I	0.085859	0.237240	0.540110	0.136790	C
220	K	0.119889	0.177119	0.547572	0.155421	C
221	E	0.177122	0.179205	0.516972	0.126701	C
222	F	0.139903	0.136928	0.595827	0.127341	C
223	M	0.031094	0.331220	0.518334	0.119351	C
224	R	0.002227	0.571745	0.320575	0.105454	E
225	F	0.005637	0.732461	0.194972	0.066930	E
226	K	0.009154	0.883211	0.060537	0.047099	E
227	V	0.009104	0.809770	0.134786	0.046340	E
228	H	0.009451	0.928188	0.039034	0.023327	E
229	M	0.009223	0.814813	0.150118	0.025846	E
230	E	0.108110	0.703412	0.144892	0.043586	E
231	G	0.009470	0.619469	0.280396	0.090664	E
232	S	0.063037	0.429457	0.420132	0.087374	E
233	V	0.009612	0.444949	0.472228	0.073211	C
234	N	0.074416	0.298455	0.558237	0.068892	C
235	G	0.038840	0.304042	0.564189	0.092930	C
236	H	0.021372	0.492914	0.414718	0.070996	E
237	E	0.024934	0.492832	0.378143	0.104090	E
238	F	0.008690	0.719105	0.236043	0.036162	E
239	E	0.009751	0.916267	0.042861	0.031121	E
240	I	0.009159	0.869781	0.081914	0.039147	E
241	E	0.014403	0.842880	0.096279	0.046439	E
242	G	0.008830	0.649851	0.241899	0.099420	E
243	E	0.009713	0.606410	0.265210	0.118667	E
244	G	0.009662	0.517827	0.381585	0.090926	E
245	E	0.016112	0.469054	0.380122	0.134712	E
246	G	0.131397	0.336201	0.421853	0.110548	C
247	R	0.009705	0.401465	0.462455	0.126376	C
248	P	0.093957	0.254489	0.521916	0.129637	C
249	Y	0.033509	0.284105	0.535334	0.147052	C
250	E	0.031218	0.240748	0.598535	0.129499	C
251	G	0.173650	0.315684	0.410290	0.100377	C
252	T	0.032130	0.513314	0.380326	0.074230	E
253	Q	0.152545	0.558095	0.253656	0.035704	E
254	T	0.080386	0.621877	0.242850	0.054888	E
255	A	0.063232	0.673526	0.208323	0.054920	E
256	K	0.003854	0.688453	0.249345	0.058349	E
257	L	0.009173	0.752463	0.196795	0.041569	E
258	K	0.022186	0.837629	0.105582	0.034603	E
259	V	0.022683	0.709296	0.217870	0.050151	E
260	T	0.019645	0.567914	0.330889	0.081551	E
261	K	0.094422	0.295472	0.522511	0.087595	C
262	G	0.106387	0.229935	0.530516	0.133162	C
263	G	0.009681	0.302871	0.536140	0.151308	C
264	P	0.144948	0.268554	0.467922	0.118575	C
265	L	0.009579	0.321506	0.538028	0.130888	C
266	P	0.009688	0.348199	0.555038	0.087075	C
267	F	0.152253	0.364614	0.394813	0.088319	C
268	A	0.035470	0.402019	0.466072	0.096438	C
269	W	0.193716	0.412185	0.317250	0.076848	E
270	D	0.357755	0.238712	0.355733	0.047800	H
271	I	0.289261	0.324626	0.331963	0.054151	C
272	L	0.257504	0.414130	0.270533	0.057833	E
273	S	0.239014	0.281117	0.431062	0.048807	C
274	Y	0.317812	0.206172	0.417027	0.058990	C
275	Q	0.244465	0.252914	0.450405	0.052215	C
276	F	0.280761	0.267771	0.407583	0.043885	C
277	S	0.198591	0.259746	0.493779	0.047884	C
278	K	0.233073	0.265995	0.404705	0.096227	C
279	A	0.257341	0.381498	0.316425	0.044736	E
280	Y	0.264560	0.289478	0.379537	0.066424	C
281	V	0.128483	0.313716	0.480456	0.077345	C
282	K	0.180886	0.183797	0.539900	0.095417	C
283	H	0.056239	0.207658	0.623683	0.112420	C
284	P	0.088237	0.184388	0.610212	0.117163	C
285	A	0.187026	0.060531	0.650318	0.102125	C
286	D	0.167864	0.009739	0.716603	0.105794	C
287	I	0.183561	0.090183	0.608812	0.117444	C
288	P	0.365774	0.122409	0.431913	0.079904	C
289	D	0.504074	0.036531	0.378289	0.081106	H
290	Y	0.661835	0.068290	0.243696	0.026180	H
291	L	0.632149	0.132434	0.210487	0.024930	H
292	K	0.541459	0.178926	0.249470	0.030146	H
293	L	0.334692	0.178622	0.412841	0.073844	C
294	S	0.296077	0.174037	0.474567	0.055320	C
295	F	0.082823	0.193567	0.631806	0.091805	C
296	P	0.155582	0.104915	0.633774	0.105730	C
297	E	0.099867	0.168297	0.572865	0.158972	C
298	G	0.085859	0.251473	0.536049	0.126619	C
299	F	0.009342	0.334151	0.556168	0.100338	C
300	K	0.085645	0.541551	0.299865	0.072939	E
301	W	0.009646	0.690407	0.234258	0.065689	E
302	E	0.009149	0.772622	0.188049	0.030181	E
303	R	0.008677	0.643634	0.313628	0.034060	E
304	V	0.009041	0.699332	0.230281	0.061345	E
305	M	0.009583	0.713938	0.214848	0.061630	E
306	N	0.042986	0.642622	0.243959	0.070433	E
307	F	0.032707	0.492046	0.368838	0.106409	E
308	E	0.128957	0.352782	0.423979	0.094282	C
309	D	0.110990	0.338891	0.456328	0.093792	C
310	G	0.126770	0.259469	0.533953	0.079808	C
311	G	0.003527	0.497275	0.418912	0.080286	E
312	V	0.009811	0.717775	0.223813	0.048601	E
313	V	0.005226	0.827629	0.150085	0.017060	E
314	T	0.009856	0.775934	0.169364	0.044846	E
315	V	0.009523	0.688197	0.273141	0.029139	E
316	T	0.069806	0.677135	0.197387	0.055672	E
317	Q	0.060585	0.624349	0.270472	0.044595	E
318	D	0.066270	0.658282	0.243177	0.032271	E
319	S	0.000247	0.719881	0.239776	0.040095	E
320	S	0.009461	0.752301	0.196569	0.041668	E
321	L	0.008785	0.660471	0.271026	0.059719	E
322	Q	0.092723	0.545438	0.305196	0.056642	E
323	D	0.093681	0.395689	0.433945	0.076684	C
324	G	0.003832	0.313754	0.583275	0.099138	C
325	E	0.035213	0.617094	0.281645	0.066048	E
326	F	0.009636	0.635328	0.286918	0.068118	E
327	I	0.008656	0.670143	0.253484	0.067717	E
328	Y	0.009873	0.766464	0.194060	0.029603	E
329	K	0.009639	0.787343	0.196031	0.006988	E
330	V	0.009059	0.834779	0.138560	0.017603	E
331	K	0.009264	0.873994	0.087320	0.029422	E
332	L	0.008944	0.778386	0.157774	0.054896	E
333	H	0.009251	0.729956	0.210402	0.050391	E
334	G	0.032599	0.658388	0.247588	0.061425	E
335	T	0.072623	0.498848	0.349672	0.078857	E
336	N	0.108658	0.347093	0.470676	0.073572	C
337	F	0.127125	0.182291	0.570417	0.120167	C
338	P	0.183249	0.061974	0.625797	0.128980	C
339	S	0.125483	0.066681	0.693161	0.114674	C
340	D	0.054650	0.194251	0.631373	0.119727	C
341	G	0.146726	0.116133	0.606274	0.130867	C
342	P	0.185565	0.087574	0.602819	0.124042	C
343	V	0.063681	0.250169	0.576112	0.110039	C
344	M	0.072300	0.227089	0.586039	0.114572	C
345	Q	0.138219	0.134005	0.604493	0.123284	C
346	K	0.196918	0.135364	0.571955	0.095763	C
347	K	0.135977	0.210747	0.546180	0.107096	C
348	T	0.169819	0.288040	0.436550	0.105591	C
349	M	0.163509	0.233063	0.489511	0.113917	C
350	G	0.075967	0.247710	0.552694	0.123629	C
351	G	0.056792	0.308551	0.515020	0.119637	C
352	E	0.059220	0.305660	0.514818	0.120302	C
353	A	0.082800	0.311561	0.502244	0.103395	C
354	S	0.158411	0.261581	0.514196	0.065811	C
355	S	0.251927	0.218790	0.461518	0.067765	C
356	E	0.148159	0.511963	0.302757	0.037121	E
357	R	0.046491	0.675929	0.207275	0.070306	E
358	M	0.009880	0.662511	0.257379	0.070231	E
359	Y	0.009326	0.600388	0.310303	0.079983	E
360	P	0.063812	0.473935	0.392059	0.070194	E
361	E	0.032215	0.315284	0.557741	0.094760	C
362	D	0.057486	0.221594	0.618258	0.102661	C
363	G	0.136346	0.252131	0.535275	0.076247	C
364	A	0.017374	0.463894	0.426642	0.092091	E
365	L	0.003630	0.608875	0.328188	0.059307	E
366	K	0.061464	0.613145	0.275565	0.049826	E
367	G	0.263874	0.514502	0.188281	0.033343	E
368	E	0.183244	0.584528	0.181898	0.050331	E
369	I	0.108294	0.620513	0.220510	0.050683	E
370	K	0.240569	0.595096	0.149382	0.014953	E
371	V	0.204851	0.597203	0.174281	0.023664	E
372	R	0.143931	0.764165	0.061486	0.030417	E
373	L	0.127794	0.643175	0.199396	0.029635	E
374	K	0.063507	0.675447	0.206002	0.055044	E
375	L	0.094090	0.473894	0.349992	0.082024	E
376	K	0.194778	0.251528	0.463550	0.090145	C
377	D	0.111063	0.238652	0.536961	0.113325	C
378	G	0.123139	0.166266	0.578484	0.132112	C
379	G	0.009848	0.305451	0.567491	0.117209	C
380	H	0.009662	0.424376	0.454714	0.111249	C
381	Y	0.009239	0.697249	0.220943	0.072570	E
382	D	0.008923	0.739207	0.211170	0.040699	E
383	A	0.005165	0.798826	0.148034	0.047975	E
384	E	0.006569	0.723174	0.199926	0.070332	E
385	V	0.009695	0.716224	0.236628	0.037453	E
386	K	0.101040	0.553667	0.290470	0.054824	E
387	T	0.102053	0.561627	0.260466	0.075853	E
388	T	0.088412	0.471736	0.368772	0.071079	E
389	Y	0.206009	0.336303	0.389599	0.068089	C
390	K	0.022209	0.411500	0.493138	0.073153	C
391	A	0.131040	0.170026	0.576660	0.122274	C
392	K	0.128095	0.106521	0.643724	0.121660	C
393	K	0.050600	0.183670	0.616653	0.149076	C
394	P	0.022399	0.263839	0.546500	0.167262	C
395	V	0.012921	0.353221	0.475331	0.158527	C
396	Q	0.009277	0.303461	0.527018	0.160244	C
397	L	0.009840	0.216082	0.571663	0.202416	C
398	P	0.009643	0.233857	0.557424	0.199076	C
399	G	0.101061	0.199985	0.540315	0.158639	C
400	A	0.287631	0.114380	0.523284	0.074705	C
401	Y	0.061961	0.284180	0.568741	0.085118	C
402	N	0.082270	0.432171	0.427310	0.058249	E
403	A	0.167290	0.566481	0.194332	0.071897	E
404	N	0.009762	0.590690	0.342781	0.056767	E
405	Y	0.009807	0.650393	0.308842	0.030958	E
406	K	0.093237	0.660501	0.227403	0.018858	E
407	L	0.009673	0.651894	0.297416	0.041017	E
408	D	0.057149	0.727712	0.142335	0.072803	E
409	I	0.009685	0.676412	0.230142	0.083760	E
410	T	0.048440	0.511214	0.338712	0.101634	E
411	S	0.120909	0.364830	0.426441	0.087820	C
412	H	0.136929	0.236806	0.531737	0.094528	C
413	N	0.142865	0.192536	0.564589	0.100010	C
414	E	0.142067	0.148064	0.619348	0.090520	C
415	D	0.175362	0.167577	0.575384	0.081677	C
416	Y	0.172569	0.220681	0.538024	0.068725	C
417	T	0.093207	0.447218	0.388184	0.071390	E
418	I	0.075956	0.628918	0.240915	0.054212	E
419	V	0.086518	0.709864	0.170995	0.032623	E
420	E	0.131320	0.839749	0.009695	0.019236	E
421	Q	0.072123	0.789797	0.105759	0.032320	E
422	Y	0.233605	0.627435	0.097900	0.041061	E
423	E	0.180752	0.553336	0.209028	0.056884	E
424	R	0.220005	0.366500	0.343083	0.070412	E
425	C	0.179722	0.369483	0.376340	0.074455	C
426	E	0.211098	0.269953	0.425820	0.093129	C
427	G	0.102767	0.424607	0.383831	0.088794	E
428	R	0.120625	0.417262	0.385836	0.076277	E
429	H	0.067397	0.400216	0.431954	0.100433	C
430	S	0.100200	0.350517	0.471467	0.077816	C
431	M	0.009669	0.399476	0.499247	0.091607	C
432	A	0.110726	0.301731	0.509271	0.078271	C
433	I	0.014447	0.331787	0.566594	0.087172	C
434	I	0.050508	0.252382	0.565717	0.131392	C
435	K	0.109416	0.163774	0.578419	0.148391	C
436	E	0.171289	0.200520	0.501626	0.126564	C
437	F	0.122044	0.141905	0.600949	0.135102	C
438	M	0.032700	0.336784	0.506335	0.124181	C
439	R	0.009885	0.557410	0.328892	0.103813	E
440	F	0.013760	0.715797	0.204251	0.066193	E
441	K	0.009161	0.875238	0.067771	0.047830	E
442	V	0.009112	0.807366	0.136629	0.046893	E
443	H	0.009435	0.927762	0.039940	0.022863	E
444	M	0.009217	0.812406	0.152817	0.025560	E
445	E	0.109320	0.703398	0.144296	0.042987	E
446	G	0.009476	0.620487	0.279437	0.090600	E
447	S	0.063310	0.429934	0.419488	0.087267	E
448	V	0.009612	0.445232	0.471946	0.073210	C
449	N	0.074412	0.298552	0.558152	0.068883	C
450	G	0.038840	0.304042	0.564189	0.092930	C
451	H	0.021372	0.492914	0.414718	0.070996	E
452	E	0.024934	0.492832	0.378143	0.104090	E
453	F	0.008690	0.719105	0.236043	0.036162	E
454	E	0.009751	0.916267	0.042861	0.031121	E
455	I	0.009159	0.869781	0.081914	0.039147	E
456	E	0.014403	0.842880	0.096279	0.046439	E
457	G	0.008830	0.649848	0.241902	0.099420	E
458	E	0.009713	0.606420	0.265198	0.118669	E
459	G	0.009663	0.517770	0.381626	0.090941	E
460	E	0.016197	0.468982	0.380084	0.134737	E
461	G	0.131537	0.336005	0.421895	0.110563	C
462	R	0.009706	0.401357	0.462547	0.126389	C
463	P	0.093590	0.254505	0.522273	0.129632	C
464	Y	0.033236	0.284080	0.535865	0.146820	C
465	E	0.031667	0.240482	0.598659	0.129192	C
466	G	0.174115	0.314807	0.410320	0.100758	C
467	T	0.034114	0.510329	0.381277	0.074280	E
468	Q	0.153617	0.554619	0.255438	0.036327	E
469	T	0.081277	0.614573	0.248297	0.055853	E
470	A	0.065342	0.667867	0.211097	0.055694	E
471	K	0.009879	0.681547	0.250060	0.058515	E
472	L	0.009133	0.747463	0.200808	0.042596	E
473	K	0.019154	0.838340	0.107723	0.034783	E
474	V	0.021219	0.709846	0.218414	0.050521	E
475	T	0.019227	0.570609	0.328251	0.081914	E
476	K	0.094174	0.296962	0.520945	0.087920	C
477	G	0.105395	0.231734	0.529617	0.133253	C
478	G	0.009673	0.304722	0.534608	0.150997	C
479	P	0.143649	0.270002	0.467097	0.119252	C
480	L	0.009574	0.322270	0.536701	0.131455	C
481	P	0.009682	0.349311	0.553778	0.087229	C
482	F	0.150877	0.364209	0.396031	0.088883	C
483	A	0.034391	0.402995	0.466448	0.096166	C
484	W	0.192442	0.413836	0.316885	0.076838	E
485	D	0.352421	0.244501	0.355038	0.048041	C
486	I	0.282647	0.329911	0.332786	0.054656	C
487	L	0.252934	0.413563	0.274922	0.058581	E
488	S	0.227749	0.283638	0.437674	0.050939	C
489	Y	0.307028	0.208581	0.423526	0.060865	C
490	Q	0.235968	0.252337	0.456286	0.055408	C
491	F	0.270674	0.275498	0.407907	0.045921	C
492	S	0.191900	0.264209	0.493734	0.050158	C
493	K	0.219990	0.282822	0.399040	0.098149	C
494	A	0.247640	0.394166	0.312247	0.045947	E
495	Y	0.261177	0.297853	0.372461	0.068509	C
496	V	0.122130	0.320124	0.477975	0.079771	C
497	K	0.186266	0.185981	0.532946	0.094807	C
498	H	0.054454	0.212617	0.620109	0.112820	C
499	P	0.086604	0.187924	0.607961	0.117510	C
500	A	0.184307	0.059277	0.653995	0.102421	C
501	D	0.168186	0.009753	0.716216	0.105846	C
502	I	0.183167	0.089608	0.609091	0.118135	C
503	P	0.363966	0.122397	0.433020	0.080617	C
504	D	0.502370	0.036513	0.379649	0.081467	H
505	Y	0.660415	0.068604	0.244731	0.026250	H
506	L	0.631192	0.133064	0.210853	0.024891	H
507	K	0.541421	0.179061	0.249376	0.030142	H
508	L	0.334617	0.178703	0.412813	0.073867	C
509	S	0.296176	0.173977	0.474546	0.055300	C
510	F	0.082840	0.193583	0.631745	0.091831	C
511	P	0.155697	0.104886	0.633693	0.105725	C
512	E	0.099575	0.168661	0.572738	0.159025	C
513	G	0.085336	0.251863	0.536252	0.126550	C
514	F	0.009337	0.334069	0.556375	0.100219	C
515	K	0.084766	0.541989	0.300252	0.072993	E
516	W	0.009640	0.690605	0.234086	0.065669	E
517	E	0.009142	0.772570	0.188557	0.029731	E
518	R	0.008664	0.644565	0.312861	0.033910	E
519	V	0.009047	0.700389	0.229537	0.061027	E
520	M	0.009574	0.715173	0.214064	0.061188	E
521	N	0.041819	0.644868	0.243566	0.069747	E
522	F	0.033003	0.492965	0.367864	0.106167	E
523	E	0.128913	0.353648	0.423338	0.094100	C
524	D	0.111130	0.339363	0.455835	0.093671	C
525	G	0.127119	0.259426	0.533822	0.079632	C
526	G	0.003484	0.497229	0.418919	0.080369	E
527	V	0.009809	0.716919	0.224438	0.048833	E
528	V	0.004989	0.825274	0.152219	0.017517	E
529	T	0.009847	0.774393	0.170911	0.044850	E
530	V	0.009542	0.687871	0.273500	0.029086	E
531	T	0.071108	0.676032	0.197333	0.055527	E
532	Q	0.060640	0.624848	0.269800	0.044712	E
533	D	0.069980	0.650238	0.246087	0.033695	E
534	S	0.009899	0.711523	0.238072	0.040506	E
535	S	0.009489	0.748070	0.201569	0.040872	E
536	L	0.008784	0.660887	0.269877	0.060452	E
537	Q	0.087625	0.547533	0.306998	0.057844	E
538	D	0.092013	0.397278	0.433350	0.077359	C
539	G	0.003041	0.315474	0.581757	0.099728	C
540	E	0.034186	0.619778	0.279624	0.066411	E
541	F	0.009630	0.637009	0.284931	0.068430	E
542	I	0.008649	0.670049	0.253212	0.068090	E
543	Y	0.009863	0.766264	0.194060	0.029812	E
544	K	0.009643	0.787098	0.196077	0.007183	E
545	V	0.009055	0.833149	0.140128	0.017668	E
546	K	0.009255	0.873109	0.087970	0.029666	E
547	L	0.008958	0.777396	0.157693	0.055952	E
548	H	0.009255	0.730795	0.209412	0.050538	E
549	G	0.032436	0.658761	0.246964	0.061840	E
550	T	0.071319	0.503205	0.346978	0.078498	E
551	N	0.103938	0.353058	0.469971	0.073033	C
552	F	0.120154	0.186077	0.573969	0.119801	C
553	P	0.186941	0.058935	0.626550	0.127573	C
554	S	0.125425	0.059916	0.700589	0.114070	C
555	D	0.051695	0.190775	0.638407	0.119123	C
556	G	0.143396	0.119809	0.606441	0.130354	C
557	P	0.186748	0.085462	0.605210	0.122580	C
558	V	0.065925	0.251224	0.573898	0.108953	C
559	M	0.073401	0.229108	0.583902	0.113590	C
560	Q	0.138491	0.135322	0.603974	0.122213	C
561	K	0.196577	0.135855	0.572611	0.094957	C
562	K	0.135233	0.211062	0.546876	0.106829	C
563	T	0.168430	0.288792	0.437261	0.105517	C
564	M	0.162207	0.233383	0.490168	0.114242	C
565	G	0.075033	0.247989	0.553157	0.123821	C
566	G	0.056276	0.308882	0.514966	0.119876	C
567	E	0.059382	0.306577	0.513561	0.120480	C
568	A	0.085529	0.311711	0.499462	0.103298	C
569	S	0.160101	0.263587	0.510455	0.065857	C
570	S	0.255967	0.217126	0.459747	0.067159	C
571	E	0.147381	0.511990	0.303288	0.037340	E
572	R	0.046579	0.675868	0.206920	0.070633	E
573	M	0.009878	0.661558	0.257874	0.070690	E
574	Y	0.009325	0.600390	0.309947	0.080338	E
575	P	0.064232	0.473807	0.391620	0.070341	E
576	E	0.032463	0.314925	0.557857	0.094755	C
577	D	0.058543	0.221436	0.617625	0.102396	C
578	G	0.136346	0.252092	0.535338	0.076224	C
579	A	0.016989	0.463957	0.426876	0.092178	E
580	L	0.003187	0.609247	0.327944	0.059622	E
581	K	0.060574	0.613972	0.275521	0.049934	E
582	G	0.263418	0.514931	0.188159	0.033491	E
583	E	0.183473	0.584922	0.181223	0.050382	E
584	I	0.107144	0.622142	0.219897	0.050816	E
585	K	0.238370	0.596682	0.149913	0.015035	E
586	V	0.203542	0.597904	0.175090	0.023465	E
587	R	0.138278	0.769780	0.061103	0.030839	E
588	L	0.121490	0.652423	0.196916	0.029171	E
589	K	0.056682	0.684903	0.203984	0.054432	E
590	L	0.083283	0.485621	0.350505	0.080592	E
591	K	0.190912	0.256418	0.463521	0.089149	C
592	D	0.110438	0.242276	0.536042	0.111243	C
593	G	0.121450	0.170438	0.576789	0.131323	C
594	G	0.009695	0.326960	0.547797	0.115548	C
595	H	0.009387	0.455002	0.429513	0.106098	E
596	Y	0.009104	0.707814	0.216016	0.067066	E
597	D	0.008777	0.754006	0.195137	0.042080	E
598	A	0.009772	0.804446	0.139044	0.046738	E
599	E	0.001215	0.747492	0.180400	0.070894	E
600	V	0.009552	0.751127	0.198371	0.040950	E
601	K	0.070564	0.604205	0.273113	0.052118	E
602	T	0.045370	0.590071	0.295223	0.069336	E
603	T	0.042939	0.521593	0.369468	0.066000	E
604	Y	0.178724	0.386601	0.384601	0.050075	E
605	K	0.009890	0.447317	0.469452	0.073342	C
606	A	0.113636	0.200637	0.566674	0.119053	C
607	K	0.119703	0.120143	0.636176	0.123978	C
608	K	0.047666	0.192340	0.611616	0.148378	C
609	P	0.024435	0.264499	0.543836	0.167231	C
610	V	0.011524	0.359543	0.470123	0.158809	C
611	Q	0.009303	0.303305	0.526276	0.161116	C
612	L	0.009795	0.217084	0.569476	0.203645	C
613	P	0.009615	0.231030	0.560910	0.198445	C
614	G	0.099431	0.197546	0.541924	0.161098	C
615	A	0.283288	0.110162	0.525446	0.081104	C
616	Y	0.047610	0.287300	0.579922	0.085168	C
617	N	0.049625	0.466814	0.424739	0.058822	E
618	A	0.138262	0.606875	0.182854	0.072009	E
619	N	0.009573	0.619340	0.316144	0.054942	E
620	Y	0.009555	0.682350	0.278143	0.029952	E
621	K	0.114103	0.667560	0.202320	0.016017	E
622	L	0.009426	0.667450	0.287378	0.035745	E
623	D	0.031162	0.745109	0.155930	0.067799	E
624	I	0.009409	0.674943	0.229118	0.086530	E
625	T	0.009896	0.538208	0.351403	0.100493	E
626	S	0.079081	0.377687	0.451429	0.091803	C
627	H	0.115280	0.246798	0.536605	0.101318	C
628	N	0.109693	0.200136	0.578047	0.112125	C
629	E	0.128193	0.134484	0.641725	0.095598	C
630	D	0.166131	0.141748	0.602721	0.089400	C
631	Y	0.157632	0.212318	0.558215	0.071835	C
632	T	0.081255	0.417542	0.435559	0.065644	C
633	I	0.096978	0.579712	0.275836	0.047473	E
634	V	0.097812	0.662872	0.213355	0.025961	E
635	E	0.156437	0.819846	0.009802	0.013915	E
636	Q	0.039268	0.756829	0.156170	0.047733	E
637	Y	0.248411	0.654623	0.057360	0.039607	E
638	E	0.101307	0.595618	0.243539	0.059536	E
639	R	0.237105	0.373601	0.318722	0.070572	E
640	C	0.170688	0.397812	0.353456	0.078044	E
641	E	0.200367	0.298956	0.409840	0.090836	C
642	G	0.061758	0.401587	0.455715	0.080940	C
643	R	0.062074	0.399156	0.467371	0.071398	C
644	H	0.034898	0.371439	0.499164	0.094500	C
645	S	0.078014	0.363799	0.483201	0.074986	C
646	M	0.009856	0.427343	0.473913	0.088888	C
647	A	0.129378	0.308289	0.483450	0.078883	C
648	I	0.026674	0.351384	0.533355	0.088587	C
649	I	0.047403	0.275925	0.545817	0.130855	C
650	K	0.119046	0.173931	0.561972	0.145051	C
651	E	0.172907	0.222113	0.483599	0.121381	C
652	F	0.138306	0.144373	0.583567	0.133753	C
653	M	0.038029	0.338417	0.500202	0.123352	C
654	R	0.000868	0.558670	0.337345	0.103117	E
655	F	0.013376	0.710887	0.209957	0.065780	E
656	K	0.009151	0.879162	0.064088	0.047599	E
657	V	0.009206	0.802554	0.142088	0.046152	E
658	H	0.009529	0.912719	0.055265	0.022487	E
659	M	0.009215	0.802626	0.162445	0.025714	E
660	E	0.105140	0.701973	0.150008	0.042879	E
661	G	0.009506	0.621066	0.279188	0.090240	E
662	S	0.061241	0.429677	0.421116	0.087966	E
663	V	0.009619	0.444299	0.472948	0.073135	C
664	N	0.074381	0.297935	0.559371	0.068312	C
665	G	0.044345	0.302649	0.560392	0.092613	C
666	H	0.028290	0.490875	0.410006	0.070829	E
667	E	0.023571	0.490128	0.381218	0.105083	E
668	F	0.008735	0.711188	0.242437	0.037640	E
669	E	0.009626	0.900117	0.057006	0.033251	E
670	I	0.009224	0.863196	0.092241	0.035339	E
671	E	0.009878	0.829997	0.112265	0.047859	E
672	G	0.008938	0.627631	0.261839	0.101591	E
673	E	0.009675	0.589848	0.282750	0.117727	E
674	G	0.009580	0.515195	0.380225	0.094999	E
675	E	0.014336	0.485008	0.367688	0.132968	E
676	G	0.112597	0.358273	0.417876	0.111254	C
677	R	0.009487	0.409012	0.453631	0.127870	C
678	P	0.121763	0.258300	0.493157	0.126781	C
679	Y	0.034889	0.301840	0.524406	0.138865	C
680	E	0.033219	0.252064	0.592677	0.122039	C
681	G	0.190335	0.326902	0.388586	0.094177	C
682	T	0.047768	0.519372	0.361410	0.071451	E
683	Q	0.149735	0.562408	0.251725	0.036133	E
684	T	0.084999	0.612594	0.248524	0.053882	E
685	A	0.059259	0.668339	0.215732	0.056670	E
686	K	0.009798	0.687918	0.244854	0.057430	E
687	L	0.009083	0.763970	0.187503	0.039444	E
688	K	0.012156	0.870486	0.086105	0.031254	E
689	V	0.009934	0.732533	0.206547	0.050987	E
690	T	0.003314	0.581179	0.331683	0.083824	E
691	K	0.104594	0.301100	0.508633	0.085674	C
692	G	0.101940	0.221728	0.542185	0.134147	C
693	G	0.009527	0.286402	0.547354	0.156717	C
694	P	0.096685	0.321826	0.451053	0.130436	C
695	L	0.009711	0.348595	0.506464	0.135231	C
696	P	0.009693	0.400513	0.498206	0.091588	C
697	F	0.112122	0.421500	0.376922	0.089456	E
698	A	0.024909	0.453142	0.433440	0.088509	E
699	W	0.191879	0.444965	0.285354	0.077802	E
700	D	0.357337	0.252778	0.340716	0.049169	H
701	I	0.298007	0.315577	0.329033	0.057382	C
702	L	0.277781	0.391933	0.268469	0.061818	E
703	S	0.256694	0.262097	0.430238	0.050971	C
704	Y	0.338175	0.192554	0.408357	0.060914	C
705	Q	0.280742	0.243293	0.429168	0.046797	C
706	F	0.288709	0.262507	0.400993	0.047792	C
707	S	0.216120	0.253589	0.482515	0.047776	C
708	K	0.236556	0.294635	0.379097	0.089711	C
709	A	0.255626	0.433608	0.270755	0.040011	E
710	Y	0.238650	0.332752	0.355058	0.073540	C
711	V	0.114837	0.341670	0.459981	0.083512	C
712	K	0.178361	0.202638	0.520850	0.098152	C
713	H	0.048605	0.225766	0.612049	0.113580	C
714	P	0.086849	0.185326	0.611700	0.116125	C
715	A	0.182349	0.053353	0.666164	0.098134	C
716	D	0.168635	0.009760	0.718267	0.103339	C
717	I	0.184539	0.085475	0.612360	0.117626	C
718	P	0.366048	0.118436	0.435313	0.080203	C
719	D	0.493100	0.039922	0.383930	0.083048	H
720	Y	0.659982	0.067222	0.245054	0.027742	H
721	L	0.625169	0.136688	0.213047	0.025096	H
722	K	0.536252	0.186068	0.247055	0.030626	H
723	L	0.319781	0.183558	0.419749	0.076912	C
724	S	0.289845	0.174033	0.480582	0.055541	C
725	F	0.074503	0.199425	0.633407	0.092665	C
726	P	0.153450	0.108612	0.633002	0.104936	C
727	E	0.096026	0.175695	0.569154	0.159125	C
728	G	0.080476	0.255921	0.537465	0.126138	C
729	F	0.009283	0.338524	0.552198	0.099995	C
730	K	0.081938	0.544568	0.303174	0.070319	E
731	W	0.009619	0.690207	0.234929	0.065245	E
732	E	0.009205	0.772802	0.188229	0.029765	E
733	R	0.008595	0.641276	0.315906	0.034223	E
734	V	0.009052	0.696793	0.234795	0.059360	E
735	M	0.009461	0.716027	0.214232	0.060281	E
736	N	0.062490	0.629273	0.239393	0.068843	E
737	F	0.027242	0.503485	0.366783	0.102489	E
738	E	0.130062	0.362925	0.413146	0.093866	C
739	D	0.110481	0.343815	0.454336	0.091368	C
740	G	0.120907	0.275378	0.522337	0.081378	C
741	G	0.005079	0.497998	0.418774	0.078148	E
742	V	0.009837	0.718522	0.223442	0.048200	E
743	V	0.012364	0.817951	0.152794	0.016890	E
744	T	0.007454	0.770402	0.175519	0.046625	E
745	V	0.009595	0.688147	0.272368	0.029890	E
746	T	0.071315	0.666819	0.204346	0.057519	E
747	Q	0.064363	0.629106	0.263442	0.043089	E
748	D	0.057475	0.659069	0.249931	0.033525	E
749	S	0.009860	0.704995	0.244715	0.040431	E
750	S	0.009452	0.743604	0.203205	0.043739	E
751	L	0.008785	0.658798	0.273142	0.059275	E
752	Q	0.092234	0.562355	0.290370	0.055041	E
753	D	0.075754	0.426038	0.424359	0.073848	E
754	G	0.024937	0.326060	0.552714	0.096289	C
755	E	0.034272	0.652949	0.246520	0.066259	E
756	F	0.009413	0.677999	0.247210	0.065378	E
757	I	0.008684	0.685999	0.245932	0.059384	E
758	Y	0.009579	0.757629	0.199013	0.033779	E
759	K	0.009818	0.825842	0.158542	0.005799	E
760	V	0.009236	0.871422	0.106316	0.013026	E
761	K	0.009135	0.863137	0.106262	0.021466	E
762	L	0.008879	0.776324	0.163528	0.051269	E
763	H	0.009260	0.727753	0.214687	0.048300	E
764	G	0.011677	0.644429	0.281705	0.062189	E
765	T	0.040735	0.511676	0.364112	0.083476	E
766	N	0.081622	0.379163	0.463669	0.075545	C
767	F	0.097782	0.174323	0.605128	0.122767	C
768	P	0.195352	0.047232	0.627722	0.129694	C
769	S	0.125636	0.059965	0.699309	0.115090	C
770	D	0.070269	0.179866	0.627309	0.122557	C
771	G	0.132538	0.123201	0.618385	0.125876	C
772	P	0.191130	0.079339	0.607994	0.121538	C
773	V	0.073880	0.223145	0.594959	0.108016	C
774	M	0.047895	0.212667	0.620064	0.119374	C
775	Q	0.141734	0.131923	0.611202	0.115142	C
776	K	0.225810	0.130932	0.552716	0.090543	C
777	K	0.167389	0.171218	0.562577	0.098815	C
778	T	0.169609	0.242325	0.486464	0.101602	C
779	M	0.186163	0.215202	0.490798	0.107837	C
780	G	0.109212	0.208473	0.555422	0.126893	C
781	G	0.032401	0.279498	0.554014	0.134087	C
782	E	0.057806	0.277647	0.534333	0.130214	C
783	A	0.161266	0.259179	0.481759	0.097797	C
784	S	0.261258	0.213259	0.465037	0.060446	C
785	S	0.261606	0.238590	0.428417	0.071386	C
786	E	0.180871	0.492330	0.279665	0.047134	E
787	R	0.045369	0.654340	0.231138	0.069153	E
788	M	0.018563	0.643002	0.269990	0.068445	E
789	Y	0.009862	0.634933	0.285371	0.069834	E
790	P	0.121073	0.484635	0.338751	0.055540	E
791	E	0.088596	0.316625	0.518416	0.076362	C
792	D	0.099156	0.228009	0.590367	0.082469	C
793	G	0.132946	0.289741	0.506958	0.070356	C
794	A	0.009787	0.514291	0.394294	0.081628	E
795	L	0.009685	0.666499	0.268958	0.054858	E
796	K	0.018537	0.707461	0.227338	0.046665	E
797	G	0.247409	0.570605	0.149805	0.032181	E
798	E	0.178102	0.632367	0.143012	0.046519	E
799	I	0.087316	0.645607	0.226315	0.040761	E
800	K	0.266618	0.561811	0.160908	0.010663	E
801	V	0.159210	0.592421	0.214684	0.033686	E
802	R	0.110095	0.738221	0.112585	0.039098	E
803	L	0.082820	0.619419	0.257731	0.040030	E
804	K	0.030309	0.647900	0.258807	0.062984	E
805	L	0.035304	0.506021	0.375316	0.083360	E
806	K	0.139087	0.301219	0.469124	0.090570	C
807	D	0.079832	0.287904	0.513489	0.118775	C
808	G	0.135236	0.180341	0.560686	0.123737	C
809	G	0.009474	0.342125	0.530751	0.117650	C
810	H	0.009201	0.460328	0.421752	0.108719	E
811	Y	0.009202	0.691821	0.228233	0.070744	E
812	D	0.008849	0.765949	0.181982	0.043220	E
813	A	0.025350	0.800458	0.125089	0.049103	E
814	E	0.022342	0.717392	0.198629	0.061637	E
815	V	0.023495	0.692289	0.245420	0.038796	E
816	K	0.144611	0.480273	0.313803	0.061313	E
817	T	0.066326	0.514445	0.335843	0.083387	E
818	T	0.078757	0.389061	0.459889	0.072293	C
819	Y	0.202464	0.303909	0.424268	0.069358	C
820	K	0.063603	0.380585	0.487365	0.068447	C
821	A	0.097919	0.194439	0.570867	0.136776	C
822	K	0.080170	0.109334	0.675807	0.134689	C
823	K	0.052645	0.194500	0.582795	0.170060	C
824	P	0.026740	0.298506	0.500532	0.174222	C
825	V	0.009640	0.395146	0.433498	0.161715	C
826	Q	0.009055	0.324059	0.496353	0.170533	C
827	L	0.009572	0.244105	0.541160	0.205162	C
828	P	0.009517	0.232182	0.555774	0.202527	C
829	G	0.137404	0.226167	0.479152	0.157278	C
830	A	0.295624	0.160118	0.466033	0.078226	C
831	Y	0.119016	0.241904	0.550510	0.088570	C
832	N	0.152955	0.332679	0.448414	0.065952	C
833	A	0.269795	0.413778	0.237437	0.078990	E
834	N	0.076531	0.516659	0.342492	0.064318	E
835	Y	0.074990	0.564693	0.336152	0.024164	E
836	K	0.153528	0.525098	0.295149	0.026225	E
837	L	0.009332	0.574376	0.360842	0.055450	E
838	D	0.052968	0.683919	0.178279	0.084834	E
839	I	0.052090	0.593190	0.258725	0.095995	E
840	T	0.038982	0.491462	0.366174	0.103382	E
841	S	0.112193	0.322825	0.466461	0.098521	C
842	H	0.155436	0.245465	0.497657	0.101442	C
843	N	0.112512	0.226168	0.553387	0.107934	C
844	E	0.159906	0.137628	0.614466	0.088001	C
845	D	0.195262	0.144611	0.581653	0.078475	C
846	Y	0.149985	0.235636	0.543370	0.071010	C
847	T	0.134983	0.366582	0.434060	0.064375	C
848	I	0.138654	0.561646	0.254279	0.045422	E
849	V	0.118512	0.652257	0.201961	0.027271	E
850	E	0.223398	0.733803	0.033059	0.009740	E
851	Q	0.199847	0.610932	0.154249	0.034972	E
852	Y	0.397428	0.561018	0.025018	0.016536	E
853	E	0.393367	0.496203	0.080459	0.029971	E
854	R	0.465113	0.350077	0.152947	0.031864	H
855	C	0.360761	0.388608	0.185401	0.065230	E
856	E	0.304768	0.382053	0.247449	0.065731	E
857	G	0.255681	0.348731	0.327747	0.067841	E
858	R	0.253274	0.312349	0.375097	0.059280	C
859	H	0.133567	0.220723	0.566269	0.079441	C
860	S	0.131643	0.166291	0.635312	0.066755	C
