> rkretsch_1369900501
#rid	resname	Helix	Beta	Coil	PPII	ss_kind
1	G	0.026341	0.070438	0.826284	0.076937	C
2	E	0.118874	0.100124	0.665708	0.115294	C
3	E	0.231799	0.153974	0.507252	0.106975	C
4	L	0.222414	0.134344	0.570740	0.072501	C
5	F	0.143473	0.252945	0.511087	0.092496	C
6	T	0.207092	0.166320	0.534110	0.092477	C
7	G	0.229847	0.190994	0.507265	0.071894	C
8	V	0.145342	0.203146	0.569147	0.082365	C
9	V	0.080454	0.364262	0.478986	0.076298	C
10	P	0.042316	0.548877	0.327672	0.081135	E
11	I	0.009753	0.728549	0.219606	0.042092	E
12	L	0.009230	0.861940	0.087386	0.041443	E
13	V	0.009076	0.802103	0.144880	0.043941	E
14	E	0.009539	0.876997	0.084525	0.028939	E
15	L	0.009150	0.854598	0.107365	0.028887	E
16	D	0.080566	0.759159	0.121136	0.039139	E
17	G	0.009526	0.631559	0.278723	0.080193	E
18	D	0.027063	0.478716	0.410776	0.083444	E
19	V	0.009588	0.468680	0.458168	0.063564	E
20	N	0.099421	0.289942	0.546745	0.063892	C
21	G	0.049202	0.271808	0.587010	0.091980	C
22	H	0.045295	0.450810	0.434719	0.069175	E
23	K	0.009824	0.492424	0.406949	0.090803	E
24	F	0.008603	0.685127	0.261939	0.044331	E
25	S	0.009221	0.848938	0.104509	0.037332	E
26	V	0.009674	0.864102	0.096479	0.029745	E
27	S	0.009880	0.836165	0.121486	0.032469	E
28	G	0.008919	0.615825	0.294292	0.080964	E
29	E	0.004163	0.551016	0.335392	0.109429	E
30	G	0.009858	0.469655	0.422362	0.098124	E
31	E	0.017268	0.441434	0.406078	0.135221	E
32	G	0.171509	0.317213	0.406624	0.104654	C
33	D	0.009756	0.411989	0.457773	0.120482	C
34	A	0.121974	0.257289	0.492757	0.127980	C
35	T	0.037490	0.270818	0.564243	0.127449	C
36	Y	0.061701	0.220675	0.592377	0.125247	C
37	G	0.061726	0.392952	0.452926	0.092396	C
38	K	0.009712	0.543043	0.381384	0.065861	E
39	L	0.043853	0.615163	0.306244	0.034740	E
40	T	0.009881	0.626378	0.315455	0.048285	E
41	L	0.009747	0.702041	0.232570	0.055641	E
42	K	0.009502	0.649345	0.294964	0.046190	E
43	F	0.009662	0.726798	0.226206	0.037333	E
44	I	0.051385	0.711752	0.205939	0.030925	E
45	C	0.009521	0.659328	0.285008	0.046143	E
46	T	0.106715	0.491414	0.353947	0.047924	E
47	T	0.109779	0.303813	0.501189	0.085220	C
48	G	0.109769	0.264537	0.531137	0.094558	C
49	K	0.095204	0.271296	0.526389	0.107111	C
50	L	0.021287	0.176385	0.664789	0.137539	C
51	P	0.008818	0.306379	0.578524	0.106279	C
52	V	0.009802	0.389955	0.496353	0.103890	C
53	P	0.053278	0.328470	0.530464	0.087788	C
54	W	0.252008	0.337964	0.344636	0.065392	C
55	P	0.429036	0.114526	0.388451	0.067987	H
56	T	0.330340	0.236912	0.364542	0.068206	C
57	L	0.376990	0.265419	0.323706	0.033885	H
58	V	0.404419	0.197585	0.360138	0.037858	H
59	T	0.545939	0.069245	0.340112	0.044704	H
60	T	0.399537	0.196361	0.384528	0.019575	H
61	F	0.439480	0.230331	0.315359	0.014830	H
62	V	0.293407	0.204784	0.455896	0.045913	C
63	Q	0.378742	0.187895	0.348045	0.085318	H
64	C	0.296256	0.415218	0.252698	0.035829	E
65	F	0.220235	0.422315	0.302967	0.054483	E
66	S	0.213856	0.321484	0.402185	0.062475	C
67	R	0.168234	0.336270	0.399651	0.095846	C
68	Y	0.047086	0.294466	0.561286	0.097162	C
69	P	0.095812	0.270328	0.526050	0.107810	C
70	D	0.164133	0.068708	0.653944	0.113216	C
71	H	0.172902	0.009625	0.699939	0.117534	C
72	M	0.151169	0.120491	0.612763	0.115578	C
73	K	0.180599	0.053095	0.669277	0.097029	C
74	R	0.163957	0.108151	0.624399	0.103493	C
75	H	0.151232	0.165938	0.596178	0.086652	C
76	D	0.254910	0.071665	0.592969	0.080456	C
77	F	0.413435	0.129929	0.418526	0.038110	C
78	F	0.414381	0.179986	0.358584	0.047049	H
79	K	0.436761	0.184896	0.336513	0.041830	H
80	S	0.369411	0.142633	0.434068	0.053889	C
81	A	0.370174	0.216201	0.379522	0.034103	C
82	M	0.132246	0.167865	0.624274	0.075614	C
83	P	0.113662	0.202511	0.566368	0.117460	C
84	E	0.160399	0.108005	0.586516	0.145080	C
85	G	0.196438	0.177559	0.516579	0.109424	C
86	Y	0.051891	0.244062	0.618021	0.086026	C
87	V	0.134395	0.416369	0.376775	0.072460	E
88	Q	0.048881	0.600957	0.257660	0.092503	E
89	E	0.009401	0.722442	0.242514	0.025643	E
90	R	0.009069	0.622388	0.323632	0.044911	E
91	T	0.009658	0.719597	0.226748	0.043998	E
92	I	0.009880	0.644341	0.290132	0.055646	E
93	F	0.025549	0.650524	0.263773	0.060154	E
94	F	0.070343	0.491465	0.359585	0.078606	E
95	K	0.101415	0.379033	0.441824	0.077729	C
96	D	0.152308	0.324107	0.449600	0.073985	C
97	D	0.014777	0.337888	0.562142	0.085193	C
98	G	0.018204	0.396312	0.499968	0.085517	C
99	N	0.009815	0.637857	0.290372	0.061956	E
100	Y	0.006105	0.726308	0.231116	0.036471	E
101	K	0.000108	0.742005	0.225485	0.032401	E
102	T	0.073821	0.686758	0.228183	0.011239	E
103	R	0.112184	0.667727	0.191944	0.028145	E
104	A	0.033468	0.626538	0.311638	0.028355	E
105	E	0.009823	0.689785	0.264008	0.036384	E
106	V	0.009427	0.747812	0.219529	0.023233	E
107	K	0.009223	0.795561	0.166443	0.028774	E
108	F	0.008941	0.684846	0.235699	0.070514	E
109	E	0.053465	0.595040	0.281079	0.070416	E
110	G	0.036600	0.508143	0.382506	0.072752	E
111	D	0.026092	0.373466	0.518092	0.082350	C
112	T	0.049974	0.635564	0.251928	0.062534	E
113	L	0.008967	0.688460	0.254247	0.048326	E
114	V	0.009388	0.689010	0.256881	0.044722	E
115	N	0.009736	0.741869	0.224804	0.023591	E
116	R	0.031743	0.810524	0.152675	0.005058	E
117	I	0.009270	0.814474	0.163374	0.012882	E
118	E	0.009533	0.880494	0.089731	0.020242	E
119	L	0.008727	0.755084	0.200366	0.035823	E
120	K	0.009504	0.671678	0.262413	0.056405	E
121	G	0.009851	0.629464	0.273649	0.087035	E
122	I	0.210828	0.430083	0.265850	0.093239	E
123	D	0.066955	0.432352	0.428822	0.071871	E
124	K	0.278063	0.029763	0.610779	0.081395	C
125	E	0.093722	0.131839	0.647263	0.127176	C
126	D	0.166763	0.096514	0.618403	0.118320	C
127	G	0.144847	0.072267	0.657387	0.125499	C
128	N	0.139807	0.166362	0.574963	0.118868	C
129	I	0.027754	0.312902	0.570983	0.088362	C
130	L	0.009554	0.305800	0.607576	0.077070	C
131	G	0.130454	0.175771	0.583174	0.110601	C
132	H	0.127482	0.183712	0.599591	0.089215	C
133	K	0.052498	0.313309	0.546241	0.087953	C
134	L	0.065916	0.270223	0.556858	0.107004	C
135	E	0.156240	0.312054	0.409232	0.122474	C
136	Y	0.016170	0.393722	0.430799	0.159310	C
137	N	0.034873	0.312065	0.523478	0.129583	C
138	Y	0.085772	0.304378	0.504477	0.105373	C
139	N	0.070888	0.248762	0.562630	0.117719	C
140	S	0.165939	0.224937	0.531574	0.077550	C
141	H	0.075610	0.417421	0.449715	0.057254	C
142	N	0.023034	0.498804	0.392166	0.085995	E
143	V	0.045934	0.536190	0.332501	0.085375	E
144	Y	0.009865	0.615614	0.292787	0.081734	E
145	I	0.009718	0.584638	0.312610	0.093034	E
146	M	0.050363	0.393388	0.439681	0.116567	C
147	A	0.092090	0.252921	0.538466	0.116522	C
148	D	0.127483	0.159934	0.583258	0.129324	C
149	K	0.145961	0.174439	0.597373	0.082227	C
150	Q	0.105332	0.152805	0.645323	0.096541	C
151	K	0.086312	0.229618	0.604290	0.079780	C
152	N	0.141430	0.294597	0.495598	0.068375	C
153	G	0.043954	0.402291	0.485559	0.068195	C
154	I	0.023250	0.548619	0.372813	0.055317	E
155	K	0.109158	0.615049	0.248544	0.027249	E
156	V	0.171055	0.569965	0.240658	0.018322	E
157	N	0.200159	0.534253	0.246931	0.018656	E
158	F	0.224595	0.474565	0.273058	0.027783	E
159	K	0.377405	0.435589	0.177191	0.009815	E
160	I	0.407536	0.432082	0.126355	0.034026	E
161	R	0.345807	0.466725	0.165482	0.021987	E
162	H	0.275099	0.331767	0.361666	0.031469	C
163	N	0.148436	0.349339	0.434215	0.068010	C
164	I	0.103753	0.293223	0.521289	0.081734	C
165	E	0.117848	0.143805	0.659712	0.078634	C
166	D	0.067070	0.198879	0.638586	0.095465	C
167	G	0.079483	0.260594	0.567969	0.091955	C
168	S	0.009278	0.379604	0.523901	0.087217	C
169	V	0.009558	0.524397	0.381498	0.084547	E
170	Q	0.002555	0.618751	0.315851	0.062843	E
171	L	0.009862	0.736827	0.207493	0.045819	E
172	A	0.009621	0.680398	0.291711	0.018271	E
173	D	0.009802	0.700011	0.262939	0.027248	E
174	H	0.172024	0.455621	0.341179	0.031176	E
175	Y	0.231909	0.424747	0.312402	0.030942	E
176	Q	0.104859	0.426247	0.414675	0.054219	E
177	Q	0.178888	0.443675	0.331379	0.046058	E
178	N	0.109989	0.430119	0.399759	0.060133	E
179	T	0.029576	0.373877	0.498930	0.097617	C
180	P	0.111390	0.257683	0.526029	0.104898	C
181	I	0.188916	0.162291	0.546710	0.102083	C
182	G	0.147751	0.113533	0.603423	0.135293	C
183	D	0.075117	0.108507	0.664485	0.151890	C
184	G	0.112994	0.146013	0.581905	0.159087	C
185	P	0.041875	0.258206	0.545054	0.154866	C
186	V	0.085268	0.318952	0.469941	0.125839	C
187	L	0.009098	0.345877	0.510101	0.134925	C
188	L	0.011211	0.224457	0.584850	0.179483	C
189	P	0.009532	0.289122	0.538188	0.163158	C
190	D	0.009793	0.326831	0.505685	0.157691	C
191	N	0.161940	0.286876	0.454848	0.096337	C
192	H	0.063487	0.296122	0.555676	0.084715	C
193	Y	0.085076	0.488374	0.368973	0.057576	E
194	L	0.101926	0.467453	0.367332	0.063289	E
195	S	0.009660	0.601427	0.358017	0.030895	E
196	T	0.009468	0.720406	0.263864	0.006262	E
197	Q	0.085009	0.605526	0.303661	0.005804	E
198	G	0.009382	0.655694	0.289520	0.045404	E
199	A	0.016789	0.703862	0.221837	0.057512	E
200	L	0.009868	0.668753	0.247995	0.073384	E
201	S	0.042858	0.523766	0.357598	0.075778	E
202	K	0.089110	0.331109	0.486981	0.092799	C
203	D	0.035080	0.236310	0.613245	0.115366	C
204	P	0.057200	0.231432	0.599230	0.112138	C
205	N	0.201085	0.096171	0.601893	0.100852	C
206	E	0.191545	0.138820	0.583185	0.086450	C
207	K	0.231985	0.133788	0.566403	0.067823	C
208	R	0.113818	0.170628	0.620336	0.095219	C
209	D	0.050728	0.374392	0.499681	0.075199	C
210	H	0.132102	0.460545	0.343143	0.064210	E
211	M	0.129473	0.664330	0.190752	0.015445	E
212	V	0.166520	0.659986	0.127628	0.045866	E
213	L	0.249579	0.527086	0.197570	0.025765	E
214	L	0.310177	0.526529	0.155725	0.007568	E
215	E	0.302307	0.580952	0.096018	0.020724	E
216	F	0.363024	0.457862	0.145999	0.033114	E
217	V	0.402704	0.365465	0.181531	0.050299	H
218	T	0.320731	0.350412	0.288239	0.040618	E
219	A	0.288071	0.330880	0.333883	0.047167	C
220	A	0.258847	0.282216	0.408595	0.050342	C
221	G	0.239124	0.217271	0.479066	0.064539	C
222	I	0.181725	0.241124	0.509131	0.068020	C
223	T	0.073543	0.187782	0.650901	0.087774	C
224	H	0.090798	0.153135	0.667945	0.088122	C
225	G	0.110113	0.123998	0.662645	0.103244	C
226	M	0.100476	0.150753	0.629866	0.118906	C
227	D	0.137811	0.112245	0.613671	0.136273	C
228	E	0.193226	0.129371	0.558666	0.118737	C
229	M	0.299175	0.123778	0.480147	0.096900	C
230	S	0.243207	0.176035	0.484561	0.096196	C
231	K	0.338065	0.091782	0.482497	0.087656	C
232	G	0.295695	0.152883	0.463969	0.087453	C
233	E	0.318800	0.217137	0.391134	0.072929	C
234	E	0.336478	0.106814	0.482931	0.073776	C
235	L	0.329646	0.069464	0.543115	0.057775	C
236	F	0.190960	0.188445	0.533641	0.086954	C
237	T	0.258094	0.158994	0.494670	0.088242	C
238	G	0.237316	0.200162	0.478463	0.084058	C
239	V	0.160007	0.220803	0.532056	0.087133	C
240	V	0.065162	0.393872	0.455389	0.085577	C
241	P	0.036889	0.548945	0.329405	0.084761	E
242	I	0.009652	0.725134	0.221471	0.043742	E
243	L	0.009174	0.840453	0.106309	0.044064	E
244	V	0.009062	0.796675	0.148870	0.045392	E
245	E	0.009531	0.878362	0.082146	0.029961	E
246	L	0.009155	0.855486	0.105768	0.029590	E
247	D	0.079439	0.758579	0.122140	0.039842	E
248	G	0.009596	0.631884	0.275824	0.082696	E
249	D	0.033249	0.473121	0.410030	0.083601	E
250	V	0.009641	0.471129	0.451314	0.067915	E
251	N	0.106593	0.293945	0.534174	0.065289	C
252	G	0.061148	0.268926	0.580601	0.089324	C
253	H	0.044639	0.482165	0.412426	0.060770	E
254	K	0.017750	0.487542	0.405217	0.089491	E
255	F	0.009080	0.707886	0.245806	0.037227	E
256	S	0.009321	0.842441	0.112827	0.035412	E
257	V	0.009632	0.865720	0.090752	0.033895	E
258	S	0.009882	0.797433	0.152343	0.040342	E
259	G	0.008905	0.594960	0.310388	0.085748	E
260	E	0.009810	0.533345	0.346322	0.110522	E
261	G	0.009741	0.451836	0.438924	0.099499	E
262	E	0.007375	0.431092	0.425162	0.136371	E
263	G	0.169777	0.301854	0.422948	0.105422	C
264	D	0.009731	0.403897	0.467687	0.118685	C
265	A	0.125332	0.254766	0.496107	0.123795	C
266	T	0.037522	0.271788	0.566174	0.124517	C
267	Y	0.064865	0.214876	0.591545	0.128714	C
268	G	0.053574	0.410260	0.445206	0.090960	C
269	K	0.009831	0.535188	0.388225	0.066756	E
270	L	0.038031	0.611259	0.313908	0.036802	E
271	T	0.009842	0.609287	0.331551	0.049320	E
272	L	0.009625	0.683867	0.250164	0.056344	E
273	K	0.009325	0.646722	0.298459	0.045493	E
274	F	0.009600	0.738120	0.216284	0.035996	E
275	I	0.042412	0.724405	0.206487	0.026696	E
276	C	0.009545	0.689321	0.262906	0.038227	E
277	T	0.084079	0.525585	0.347948	0.042388	E
278	T	0.089934	0.326110	0.504699	0.079257	C
279	G	0.067936	0.307609	0.539691	0.084764	C
280	K	0.061966	0.363516	0.479571	0.094946	C
281	L	0.030672	0.222611	0.624242	0.122475	C
282	P	0.009080	0.337813	0.552275	0.100832	C
283	V	0.009894	0.393685	0.503439	0.092982	C
284	P	0.064159	0.334656	0.515863	0.085322	C
285	W	0.250367	0.341172	0.345659	0.062802	C
286	P	0.414812	0.128460	0.393635	0.063093	H
287	T	0.311556	0.265291	0.357027	0.066126	C
288	L	0.341233	0.301173	0.323568	0.034025	H
289	V	0.365717	0.247443	0.354958	0.031882	H
290	T	0.477210	0.104233	0.370897	0.047660	H
291	T	0.357003	0.232970	0.390822	0.019204	C
292	F	0.372538	0.259023	0.338254	0.030185	H
293	V	0.238332	0.264937	0.462077	0.034653	C
294	Q	0.361112	0.241550	0.316122	0.081216	H
295	C	0.280498	0.463750	0.217561	0.038191	E
296	F	0.197088	0.462960	0.282569	0.057384	E
297	S	0.196423	0.370633	0.373395	0.059550	C
298	R	0.155882	0.379077	0.377625	0.087416	E
299	Y	0.036932	0.292155	0.574802	0.096111	C
300	P	0.066532	0.256937	0.567934	0.108596	C
301	D	0.154223	0.058627	0.671641	0.115509	C
302	H	0.166509	0.009793	0.714589	0.109110	C
303	M	0.157762	0.133076	0.598409	0.110752	C
304	K	0.167554	0.061286	0.664610	0.106550	C
305	R	0.134930	0.104527	0.651152	0.109391	C
306	H	0.135406	0.190773	0.591349	0.082472	C
307	D	0.199886	0.133149	0.580614	0.086352	C
308	F	0.417145	0.127747	0.414790	0.040317	H
309	F	0.418092	0.177362	0.355755	0.048791	H
310	K	0.412201	0.211663	0.327011	0.049126	H
311	S	0.357830	0.164907	0.414824	0.062438	C
312	A	0.358772	0.219068	0.383051	0.039109	C
313	M	0.145580	0.165522	0.614722	0.074175	C
314	P	0.103057	0.193203	0.588821	0.114920	C
315	E	0.150432	0.105629	0.601936	0.142002	C
316	G	0.187950	0.163576	0.542636	0.105838	C
317	Y	0.036398	0.268156	0.609282	0.086164	C
318	V	0.121805	0.441556	0.362630	0.074009	E
319	Q	0.035711	0.638502	0.236154	0.089633	E
320	E	0.009273	0.735851	0.233617	0.021259	E
321	R	0.009001	0.636681	0.315817	0.038501	E
322	T	0.009550	0.733645	0.221917	0.034888	E
323	I	0.009793	0.652161	0.286427	0.051618	E
324	F	0.036160	0.645210	0.266352	0.052278	E
325	F	0.014514	0.519860	0.371773	0.093853	E
326	K	0.129839	0.355932	0.432411	0.081818	C
327	D	0.119414	0.353350	0.449034	0.078202	C
328	D	0.036960	0.342503	0.537608	0.082929	C
329	G	0.013096	0.508929	0.414074	0.063901	E
330	N	0.009407	0.733441	0.205860	0.051292	E
331	Y	0.009816	0.815693	0.151479	0.023012	E
332	K	0.009543	0.752682	0.200004	0.037771	E
333	T	0.031111	0.724079	0.228320	0.016490	E
334	R	0.117696	0.678796	0.176413	0.027094	E
335	A	0.052141	0.640009	0.282900	0.024949	E
336	E	0.009832	0.686745	0.259832	0.043591	E
337	V	0.009579	0.733471	0.223382	0.033569	E
338	K	0.009644	0.748774	0.205482	0.036100	E
339	F	0.009100	0.644475	0.275888	0.070537	E
340	E	0.036296	0.552988	0.327958	0.082759	E
341	G	0.085469	0.424255	0.408144	0.082131	E
342	D	0.010187	0.371557	0.535820	0.082437	C
343	T	0.047754	0.659016	0.225958	0.067271	E
344	L	0.009626	0.641441	0.293386	0.055546	E
345	V	0.009186	0.632333	0.316929	0.041552	E
346	N	0.009720	0.720635	0.250432	0.019212	E
347	R	0.003849	0.802344	0.188630	0.005177	E
348	I	0.009261	0.809243	0.167814	0.013682	E
349	E	0.009429	0.838713	0.122140	0.029719	E
350	L	0.008883	0.716102	0.233319	0.041696	E
351	K	0.009290	0.711439	0.226915	0.052355	E
352	G	0.057409	0.643465	0.220428	0.078698	E
353	I	0.094123	0.429750	0.385178	0.090948	E
354	D	0.085635	0.367500	0.453879	0.092986	C
355	F	0.138486	0.197567	0.534127	0.129820	C
356	K	0.218612	0.073943	0.574223	0.133222	C
357	E	0.097511	0.126218	0.658460	0.117811	C
358	D	0.113278	0.100449	0.654678	0.131595	C
359	G	0.131314	0.098348	0.654673	0.115665	C
360	N	0.192767	0.065358	0.624109	0.117765	C
361	I	0.064135	0.253313	0.586150	0.096402	C
362	L	0.009814	0.246846	0.647874	0.095466	C
363	G	0.136924	0.164958	0.581208	0.116910	C
364	H	0.128606	0.168719	0.596543	0.106132	C
365	K	0.066628	0.257392	0.571751	0.104229	C
366	L	0.074297	0.233503	0.585729	0.106472	C
367	E	0.131777	0.280507	0.461894	0.125821	C
368	Y	0.026848	0.378333	0.461015	0.133804	C
369	N	0.107413	0.329245	0.453878	0.109464	C
370	Y	0.108761	0.329443	0.454993	0.106803	C
371	N	0.009675	0.295187	0.563943	0.131194	C
372	S	0.133232	0.221441	0.546613	0.098714	C
373	H	0.063125	0.391511	0.465000	0.080365	C
374	N	0.009859	0.455503	0.429005	0.105633	E
375	V	0.009873	0.522949	0.362248	0.104930	E
376	Y	0.007856	0.624954	0.269550	0.097641	E
377	I	0.009539	0.604248	0.289208	0.097005	E
378	M	0.065197	0.454863	0.376610	0.103329	E
379	A	0.152485	0.266532	0.491633	0.089349	C
380	D	0.055785	0.196032	0.630397	0.117785	C
381	K	0.123482	0.209440	0.581543	0.085536	C
382	Q	0.031540	0.276490	0.595354	0.096617	C
383	K	0.082491	0.228049	0.605756	0.083704	C
384	N	0.091182	0.301231	0.528902	0.078686	C
385	G	0.025813	0.382466	0.516435	0.075286	C
386	I	0.039459	0.452369	0.431765	0.076407	E
387	K	0.143074	0.500354	0.311777	0.044795	E
388	V	0.245701	0.482421	0.246207	0.025672	E
389	N	0.158112	0.570407	0.252158	0.019323	E
390	F	0.163014	0.561986	0.245666	0.029335	E
391	K	0.296716	0.521947	0.171445	0.009892	E
392	I	0.276555	0.562009	0.146577	0.014859	E
393	R	0.245382	0.543210	0.179941	0.031466	E
394	H	0.217387	0.387607	0.346770	0.048236	E
395	N	0.102948	0.332297	0.478255	0.086500	C
396	I	0.051776	0.297700	0.564089	0.086435	C
397	E	0.144177	0.138043	0.628805	0.088975	C
398	D	0.090074	0.247699	0.576711	0.085515	C
399	G	0.088023	0.267778	0.556118	0.088081	C
400	S	0.009395	0.377678	0.506609	0.106318	C
401	V	0.009422	0.550513	0.357714	0.082350	E
402	Q	0.009363	0.644747	0.272428	0.073463	E
403	L	0.009354	0.795895	0.157670	0.037081	E
404	A	0.009413	0.703376	0.257799	0.029412	E
405	D	0.009387	0.701478	0.266277	0.022858	E
406	H	0.192947	0.436740	0.330342	0.039971	E
407	Y	0.247870	0.391057	0.324677	0.036396	E
408	Q	0.147807	0.378714	0.410877	0.062602	C
409	Q	0.147627	0.428416	0.377308	0.046649	E
410	N	0.116595	0.385399	0.429467	0.068539	C
411	T	0.007027	0.362665	0.525691	0.104617	C
412	P	0.082195	0.256624	0.532374	0.128808	C
413	I	0.158469	0.176886	0.546737	0.117908	C
414	G	0.161958	0.123778	0.576593	0.137672	C
415	D	0.098196	0.116648	0.643871	0.141285	C
416	G	0.134873	0.112826	0.606092	0.146209	C
417	P	0.036476	0.285717	0.527149	0.150658	C
418	V	0.046933	0.351165	0.480590	0.121312	C
419	L	0.009392	0.345603	0.504027	0.140978	C
420	L	0.001692	0.278115	0.553232	0.166961	C
421	P	0.009748	0.321396	0.505433	0.163423	C
422	D	0.090092	0.295060	0.466736	0.148113	C
423	N	0.173318	0.273874	0.452198	0.100610	C
424	H	0.086849	0.292000	0.538993	0.082158	C
425	Y	0.081855	0.462837	0.398596	0.056713	E
426	L	0.119975	0.435702	0.377030	0.067293	E
427	S	0.009603	0.581617	0.375145	0.033635	E
428	T	0.009593	0.743216	0.239655	0.007536	E
429	Q	0.077088	0.623757	0.291024	0.008131	E
430	G	0.009480	0.660826	0.281726	0.047968	E
431	A	0.021189	0.731388	0.186746	0.060677	E
432	L	0.009791	0.673613	0.244489	0.072106	E
433	S	0.038993	0.502826	0.378716	0.079465	E
434	K	0.092170	0.304256	0.510717	0.092857	C
435	D	0.072052	0.207293	0.606813	0.113841	C
436	P	0.082107	0.240055	0.571098	0.106740	C
437	N	0.207510	0.122325	0.576517	0.093648	C
438	E	0.192998	0.169225	0.553795	0.083982	C
439	K	0.230050	0.162246	0.549508	0.058196	C
440	R	0.095659	0.198637	0.612421	0.093284	C
441	D	0.050082	0.370797	0.505121	0.074000	C
442	H	0.075262	0.504116	0.351476	0.069146	E
443	M	0.086570	0.694509	0.200171	0.018749	E
444	V	0.129203	0.708221	0.117350	0.045226	E
445	L	0.193231	0.558015	0.219435	0.029319	E
446	L	0.261212	0.547970	0.176392	0.014426	E
447	E	0.298732	0.613716	0.068308	0.019244	E
448	F	0.378139	0.453996	0.137118	0.030747	E
449	V	0.446257	0.375330	0.144367	0.034047	H
450	T	0.324927	0.434572	0.211531	0.028969	E
451	A	0.308557	0.367334	0.290110	0.033998	E
452	A	0.298079	0.321435	0.354765	0.025721	C
453	G	0.154929	0.263937	0.535215	0.045920	C
454	I	0.108441	0.251361	0.577259	0.062939	C
455	T	0.112786	0.207471	0.610162	0.069580	C
456	H	0.009760	0.156638	0.720361	0.113241	C
457	G	0.009882	0.085633	0.802070	0.102416	C
